-1.857901678724275737e-02,1.575231806781495630e-02
-1.849743885004327335e-02,1.583159197976731491e-02
-1.823550341429857127e-02,1.548573750701719674e-02
-1.835983551663756749e-02,1.557053221433889190e-02
-1.819140930657746000e-02,1.544941638985188569e-02
-1.794185234118546649e-02,1.518144386289497182e-02
-1.808988472144555659e-02,1.533348256422585598e-02
-1.781955623789335114e-02,1.508124531018641135e-02
-1.764315368216838945e-02,1.489072088156846892e-02
-1.768806266030389929e-02,1.501872322697398593e-02
-1.747837234977015278e-02,1.468790220322824767e-02
-1.754978498138595397e-02,1.474911396570906946e-02
-1.755171193541842090e-02,1.471902647438730859e-02
-1.711018884627127368e-02,1.440434295549083282e-02
-1.717159751949287605e-02,1.445488416817910897e-02
-1.697991301175380552e-02,1.428389358461456399e-02
-1.682016005843751591e-02,1.412508941928137390e-02
-1.699348314961571585e-02,1.419628431294044958e-02
-1.677446026755401859e-02,1.401676631127404815e-02
-1.659593501819091668e-02,1.389620004917944962e-02
-1.663324900034003628e-02,1.401673931211236228e-02
-1.653881786617066377e-02,1.368573267248465730e-02
-1.647380718530221458e-02,1.380571417998673056e-02
-1.638964080165119727e-02,1.372077921059079719e-02
-1.600589383857990711e-02,1.341662952642736113e-02
-1.624519770993739301e-02,1.353969770910116305e-02
-1.606177838711240341e-02,1.342442664783439522e-02
-1.601651824752316905e-02,1.322546164698321612e-02
-1.594806210963508469e-02,1.347143179367546635e-02
-1.578581547089217413e-02,1.317064071507605995e-02
-1.571843330167949082e-02,1.302028021760000438e-02
-1.575259631339824204e-02,1.312745103754419697e-02
-1.552672897428341268e-02,1.284056281977593444e-02
-1.546094668568153731e-02,1.286145517682540408e-02
-1.543040983196656245e-02,1.294713277035836052e-02
-1.532458455675505572e-02,1.261264368043087981e-02
-1.552272604799956844e-02,1.284198958643229665e-02
-1.536565365741101620e-02,1.273635863880804610e-02
-1.520647096003614925e-02,1.249251932674683846e-02
-1.539373066450006912e-02,1.277968800472250623e-02
-1.528050362531038937e-02,1.248668025241997381e-02
-1.516458473993945871e-02,1.244897306170786311e-02
-1.522786091955115155e-02,1.242129869627877498e-02
-1.509603928833751739e-02,1.229016790832218424e-02
-1.522860567598940083e-02,1.227050629973648437e-02
-1.483195877897787625e-02,1.245761402886587897e-02
-1.502830469415102066e-02,1.204696835369920005e-02
-1.505318267112090713e-02,1.227757875333827624e-02
-1.482572406878456678e-02,1.203529403827174014e-02
-1.472949050158450270e-02,1.208432837895536370e-02
-1.502153038501624453e-02,1.220130722726139351e-02
-1.484148269822134492e-02,1.203306808813089240e-02
-1.469497680684390267e-02,1.187066604660603174e-02
-1.475469579049163739e-02,1.206900495345463419e-02
-1.450491008359377533e-02,1.178333635687099819e-02
-1.460445007992476618e-02,1.179433646402534321e-02
-1.458490497222188730e-02,1.188798098742369601e-02
-1.453682083807114091e-02,1.166519546066558527e-02
-1.462838906383163474e-02,1.197686304459043977e-02
-1.462829224556005427e-02,1.163065035281922628e-02
-1.454703417192051984e-02,1.161827738179042890e-02
-1.451109684508385643e-02,1.176332895262835986e-02
-1.428241830678859958e-02,1.151748726868462476e-02
-1.445934662169028918e-02,1.152485886630096046e-02
-1.446315394054335964e-02,1.161687260939235807e-02
-1.409257292212685343e-02,1.137938004738327930e-02
-1.438756322630503626e-02,1.142044074047258301e-02
-1.410873422268290635e-02,1.147128197465510646e-02
-1.405617003968717693e-02,1.131071680747448849e-02
-1.411858148787461555e-02,1.138437675741710113e-02
-1.407877175226785772e-02,1.138716717396941365e-02
-1.417504330993835104e-02,1.123752988201418522e-02
-1.408699197849756085e-02,1.129367495961837442e-02
nan,nan
-1.406804583737968593e-02,1.136360467116001062e-02
-1.421384069358451463e-02,1.148289337701925532e-02
-1.376527447405853123e-02,1.133557303521486904e-02
-1.389103247943925673e-02,1.159715997916282992e-02
-1.408402433883255457e-02,1.157265041025632574e-02
-1.376762560330709734e-02,1.152171641771535839e-02
-1.394555032667501270e-02,1.173566532405513618e-02
-1.390617225466871977e-02,1.143422131074758180e-02
-1.366829755677261525e-02,1.115778477921267921e-02
-1.381271440032062758e-02,1.131283438786897383e-02
-1.385496883398235589e-02,1.132749721103334245e-02
-1.376315799767007832e-02,1.146123599524567251e-02
-1.349217761470574047e-02,1.146623904800137678e-02
-1.372757679345046333e-02,1.137209188557050665e-02
-1.365970681537163368e-02,1.138202809007444333e-02
-1.373130616845421627e-02,1.149367399446837856e-02
-1.351988737674290723e-02,1.126823459011592858e-02
-1.375505759792460848e-02,1.142149138971304718e-02
-1.372687913408354721e-02,1.143436220837857654e-02
-1.339095270869290928e-02,1.124252840097452084e-02
-1.372569922212341954e-02,1.153160500422592376e-02
-1.337522734439054208e-02,1.125703613580393385e-02
-1.357460464524137822e-02,1.131508967599503639e-02
-1.364805318399438250e-02,1.143108531123953990e-02
-1.341953560104565922e-02,1.113024332647674468e-02
-1.355724990226907754e-02,1.124484927171023364e-02
-1.350922996890285832e-02,1.133549537003437219e-02
-1.328209213919261632e-02,1.101905039895418464e-02
-1.336055841406015056e-02,1.126073724506437140e-02
-1.336689779587703873e-02,1.114726234745645056e-02
-1.332535622514625061e-02,1.110901449906771116e-02
-1.340584490761095871e-02,1.117179505636344515e-02
-1.316325267062325166e-02,1.108150827567719494e-02
-1.304164634458200578e-02,1.106565752284959132e-02
-1.331177822287585299e-02,1.102199415553538342e-02
-1.300150237157512989e-02,1.074983647712099942e-02
-1.322028480836676990e-02,1.099613981905801958e-02
-1.321722539865448354e-02,1.099821843618330360e-02
-1.295795160212488521e-02,1.085400621265384530e-02
-1.305637465319772934e-02,1.090467228834850026e-02
-1.288069460351690815e-02,1.085077303810086553e-02
-1.300293980766294676e-02,1.084269294100611951e-02
-1.296451152227330768e-02,1.079201397754339480e-02
-1.278752461068122757e-02,1.064763236581964777e-02
-1.297195254924110586e-02,1.068358549241932298e-02
-1.286813561591301086e-02,1.079362452434889409e-02
-1.257093236306450028e-02,1.047045143578192138e-02
-1.280379498462518896e-02,1.061233895288029271e-02
-1.271419649539668080e-02,1.051202061006880663e-02
-1.252526817820757109e-02,1.042151333867258854e-02
-1.267418952379393594e-02,1.061342207234711871e-02
-1.266276984355247694e-02,1.038731573673510634e-02
-1.244011117452146348e-02,1.030570447830108337e-02
-1.266547387107183099e-02,1.034599322507375775e-02
-1.229361078898990461e-02,1.019570607519257495e-02
-1.234888876613807890e-02,1.023827792167201524e-02
-1.259345946549061436e-02,1.034273970005151339e-02
-1.216095004812541534e-02,1.012275319307321883e-02
-1.236468012523853945e-02,1.020303362339357832e-02
-1.235299605951425961e-02,1.022883505917617820e-02
-1.207789963901584503e-02,9.916083866725261889e-03
-1.225615038396548305e-02,1.011604322644724975e-02
-1.219143180930027694e-02,1.002760352904731415e-02
-1.201746997321352650e-02,9.911752734776057075e-03
-1.218061992344178501e-02,1.017025349931336732e-02
-1.192879239506358657e-02,9.827516625014050614e-03
-1.201076563966962940e-02,9.908116916749774850e-03
-1.213094288675527731e-02,9.984003090601174107e-03
-1.178217861180660964e-02,9.669186218890202592e-03
-1.203264789565772729e-02,9.779599922674140147e-03
-1.201191504058796676e-02,9.852968589953089995e-03
-1.178390623281077437e-02,9.531060344200526641e-03
-1.203953797562337842e-02,9.848557686256092722e-03
-1.171906985496985222e-02,9.646349149205826756e-03
-1.185588988645350922e-02,9.520387012968352033e-03
-1.201051381227163407e-02,9.686450080280415223e-03
-1.159664073208369235e-02,9.372945553425075446e-03
-1.153226981054175648e-02,9.458937966633362490e-03
-1.175116764300018594e-02,9.584867145231540722e-03
-1.173044532281318671e-02,9.347533519857098225e-03
-1.157544914142795249e-02,9.433156141693222960e-03
-1.161675236460357231e-02,9.413881577239626569e-03
-1.150489745032500129e-02,9.278878613031001782e-03
-1.176782064974216634e-02,9.384210901688528131e-03
-1.131786745756769956e-02,9.404280364957707389e-03
-1.146740243505914129e-02,9.229321573736203044e-03
-1.160381393084110313e-02,9.359969317213820417e-03
-1.136521797429667323e-02,9.025598539644139398e-03
-1.144087727068143247e-02,9.269789744512244023e-03
-1.166525944311372874e-02,9.275704250843733872e-03
-1.120699624335667888e-02,9.018839400341318105e-03
-1.153624480461304912e-02,9.070461005133270693e-03
-1.123930120266651046e-02,9.211813755969406117e-03
-1.121413061243699445e-02,8.906613524790284869e-03
-1.139500774706512544e-02,9.085125090427539907e-03
-1.131713422114202956e-02,8.844415572440153875e-03
-1.100013736107633561e-02,9.033267463702013625e-03
-1.120089211999850121e-02,8.994158394822256847e-03
-1.106107435137784929e-02,8.834983126522212224e-03
-1.121000610001398994e-02,8.865763717109365408e-03
-1.106589526122931690e-02,9.015155718329217679e-03
-1.097208530630047231e-02,8.708799942269418448e-03
-1.109345019046234504e-02,8.829036158542280174e-03
-1.112669878874022328e-02,8.811361334449197696e-03
-1.086708427561664837e-02,8.482104168051505730e-03
-1.125075467539499163e-02,8.775095477786291551e-03
-1.090784026787973947e-02,8.794339059048292273e-03
-1.090723670702485604e-02,8.621084898682884398e-03
-1.107232253013504773e-02,8.809000683834302542e-03
-1.066454808305360678e-02,8.553044132006549019e-03
-1.106051570875086175e-02,8.605411029945190735e-03
-1.073605779632779735e-02,8.656464524464948032e-03
-1.058944984861070505e-02,8.354290132972251592e-03
-1.087480030247883582e-02,8.598284689224718405e-03
-1.078910345066389463e-02,8.481683745864545751e-03
-1.053930029718144583e-02,8.259004013476149361e-03
-1.075285597690815893e-02,8.455684972151742557e-03
-1.066917661749715827e-02,8.433340006282178877e-03
-1.059279445254178442e-02,8.319255137996648189e-03
-1.080285664719239820e-02,8.357924998058671381e-03
-1.050135112958575090e-02,8.263938601647017115e-03
-1.064604326381061311e-02,8.308604243723998264e-03
-1.078834459356710525e-02,8.259761769473447646e-03
-1.025510402061184483e-02,8.200955614399308563e-03
-1.066479167227021158e-02,8.246714581171628658e-03
-1.051449880099838106e-02,8.143485174583775174e-03
-1.034406996161672983e-02,7.928381640815201220e-03
-1.049356602172368987e-02,8.246964026422594005e-03
-1.036574276744537358e-02,8.023102065037453559e-03
-1.039137222047683065e-02,8.074252246935800445e-03
-1.040392231540849914e-02,8.223385665275471587e-03
-1.037211855208127267e-02,7.950878033694250280e-03
-1.027204208346360094e-02,8.072333688614085137e-03
-1.031518829715135505e-02,8.065020889963787562e-03
-1.005786659662722023e-02,7.907950057444417674e-03
-1.031340520418002997e-02,7.990224454849167643e-03
-1.037175090659509837e-02,7.907668409219447900e-03
-9.955584609969939103e-03,7.928346278016753026e-03
-1.029319425851234725e-02,7.978762086243791976e-03
-1.031342477461862951e-02,7.845824289301974244e-03
-1.029239342357141269e-02,7.422111295628767459e-03
-9.961455373633116769e-03,8.046799511182711057e-03
-9.928195738390927297e-03,7.582569574127644672e-03
-1.008365999268667941e-02,7.761233526511102272e-03
-9.973443980468970141e-03,7.548548829168423568e-03
nan,nan
-9.968135926972340397e-03,7.943254407994327845e-03
-1.015867687507475588e-02,7.929138980568522718e-03
-9.950772790675460958e-03,7.881206347274240590e-03
-1.002830993917568428e-02,8.152906716043281654e-03
-9.956749474090453508e-03,8.029064176145930126e-03
-1.002786265741957561e-02,7.989873942043269547e-03
-9.932128695396788901e-03,8.142367761755973585e-03
-9.839836659119241200e-03,8.014940706857169930e-03
-1.004773148694943115e-02,8.116086826189836817e-03
-9.844822933033960458e-03,8.038440290241331831e-03
-9.945457008588115891e-03,8.078952183547398122e-03
-9.762688156098120809e-03,8.100273343576809212e-03
-9.736468567091404944e-03,8.034771391750716515e-03
-9.969780998381820927e-03,8.011578696374798206e-03
-9.867209112999550738e-03,8.113721166523561387e-03
-9.831356134217308571e-03,7.947846185894488769e-03
-9.848882188502532803e-03,8.081229541853638884e-03
-9.765901073024543452e-03,8.134381517522007443e-03
-9.647670398868204641e-03,7.916143458260409271e-03
-9.824302305199695412e-03,8.072728665430291967e-03
-9.736121725543020120e-03,8.005357019944156841e-03
-9.623046506856447121e-03,7.848744127804800977e-03
-9.846031561306950453e-03,8.066496324036160140e-03
-9.835743085085255771e-03,7.930770022820521695e-03
-9.375954039384066033e-03,7.783002088687475568e-03
-9.720957951275739292e-03,7.984944556914860478e-03
-9.633942325580409360e-03,7.888097097147090883e-03
-9.649101748511771867e-03,7.878542036824082509e-03
-9.607587101148808845e-03,7.865796883946609905e-03
-9.481779641572556441e-03,7.715785795300705678e-03
-9.597680406454454222e-03,7.790530620296693722e-03
-9.455115662523891698e-03,7.804248272445659523e-03
-9.435406324762160221e-03,7.641314443994615992e-03
-9.476945695408500389e-03,7.794069298688379409e-03
-9.345437168078464182e-03,7.588809913570168479e-03
-9.449693871976565934e-03,7.718514164887213362e-03
-9.453731519482621790e-03,7.784089077709347750e-03
-9.307165683420933616e-03,7.520893097499012185e-03
-9.307270335066295322e-03,7.642260953224836416e-03
-9.394447786139155723e-03,7.611862514226629649e-03
-9.062103971399436755e-03,7.413085500340387858e-03
-9.498471945021349019e-03,7.635553569606744369e-03
-9.138192217576517409e-03,7.497844664782375018e-03
-9.092755839550150862e-03,7.347002585418084715e-03
-9.231684098543189651e-03,7.534935119509183349e-03
-9.016064851601916438e-03,7.394088352107999924e-03
-8.967128515204442901e-03,7.285066512260502010e-03
-9.101173083254502846e-03,7.487193691980291270e-03
-8.942659966654756612e-03,7.160435280328815433e-03
-8.876502928295204251e-03,7.173417381159569693e-03
-8.925618254817026601e-03,7.316136325612829228e-03
-8.777095645599976639e-03,7.065214871473966124e-03
-8.802765007968912578e-03,7.183993412298490984e-03
-8.749509933668988410e-03,7.119997466632572297e-03
-8.652658931987999499e-03,6.941401236155317345e-03
-8.858697905161933700e-03,7.155592328604252865e-03
-8.658594529457618733e-03,7.049591502125455815e-03
-8.636970517346893514e-03,6.950230976444667259e-03
-8.851756550426867834e-03,6.983685915489159200e-03
-8.416661382516083673e-03,6.764364266040405992e-03
-8.585534620307765791e-03,6.837129258446376229e-03
-8.607067570643335899e-03,6.805667515630913454e-03
-8.332474910765412177e-03,6.690375242561234261e-03
-8.450277004213914769e-03,6.742927920577104252e-03
-8.412156680710446838e-03,6.668320303762072937e-03
-8.269159501869653359e-03,6.622811405270354751e-03
-8.458848644500019040e-03,6.735773245766896004e-03
-8.241622449639440795e-03,6.405158482909273539e-03
-8.006641809955172481e-03,6.558268709954091086e-03
-8.362476935616215343e-03,6.602988361132855998e-03
-7.917796143428168162e-03,6.282582081939487410e-03
-8.190733472899031087e-03,6.561102828013948285e-03
-8.022269633070731529e-03,6.517884254146320139e-03
-7.905889900421051233e-03,6.239027402873365165e-03
-8.141593600172384801e-03,6.411186175698723073e-03
-7.897007275320637107e-03,6.296294688775130703e-03
-7.895381669652465351e-03,6.263181534551979547e-03
-8.111212418265035043e-03,6.239203482798060668e-03
-7.721104362848536275e-03,6.246496027862253990e-03
-7.967291428288680172e-03,6.151481795859763818e-03
-7.959502937836111097e-03,6.237316948896494927e-03
-7.822758129566193680e-03,6.075583823460502762e-03
-7.937370276658963983e-03,6.206704200441681002e-03
-7.934720248784934635e-03,6.150420570062919805e-03
-7.645792070713202000e-03,5.880615287284907296e-03
-7.761922172302822276e-03,6.030165662835234273e-03
-7.633042004881706623e-03,6.034084410557717486e-03
-7.587308967357066052e-03,5.821898390419969621e-03
-7.614905894183434699e-03,6.186988418944129424e-03
-7.717406203093389767e-03,5.860519367119756268e-03
-7.496412474371064172e-03,5.830254428816360017e-03
-7.554593185215474106e-03,6.052246407126749689e-03
-7.538635726239569478e-03,5.718936606672549855e-03
-7.418320197880900850e-03,5.855001150211809439e-03
-7.538861997457774362e-03,5.817965238269876514e-03
-7.284259362840348438e-03,5.654251421670268042e-03
-7.472217009505086570e-03,5.887840146838347992e-03
-7.323251423204436145e-03,5.562256937198644009e-03
-7.281491333930378319e-03,5.615774249292368459e-03
-7.520141674093723701e-03,5.712040898800966639e-03
-7.221231554083080463e-03,5.653135623326897147e-03
-7.179341180135997806e-03,5.549696096614667451e-03
-7.269451778378761310e-03,5.545951450548362860e-03
-7.335568513284867510e-03,5.424706899468186190e-03
-7.343839604240094167e-03,5.480280681476281356e-03
-7.134147741779069130e-03,5.589858496831097597e-03
-6.934718863454456678e-03,5.256663783338268343e-03
-7.391993908105430611e-03,5.487650099079810495e-03
-7.127375348648222302e-03,5.298714798156799709e-03
-6.921661298676208725e-03,5.224279370741417676e-03
-7.194219908936397463e-03,5.346492037352560713e-03
-6.859281417575181089e-03,5.249414513521142266e-03
-6.881184198908928649e-03,5.326146694432275057e-03
-7.076741674031944949e-03,5.261559430771952685e-03
-6.745323968802865305e-03,5.109431611628058312e-03
-6.996354919981681748e-03,5.163635804273738507e-03
-6.975501701310887238e-03,5.101958517897063096e-03
-6.673535658258892243e-03,5.128298075731528571e-03
-6.757637052044140197e-03,5.117997709020432641e-03
-6.967473071623521419e-03,5.042613436048178945e-03
-6.612954174903405008e-03,4.850954534960278536e-03
-6.842635421980072970e-03,5.113554603434329604e-03
-6.610624172909189411e-03,4.768234569212426860e-03
-6.808407341819777171e-03,5.024473987279368288e-03
-6.540057759525644797e-03,4.938813445169030342e-03
-6.558387742209917382e-03,4.703703113009758720e-03
-6.599840831744961146e-03,4.861459861407066603e-03
-6.609133847066155608e-03,4.787966686074708600e-03
-6.501379810367442259e-03,4.635484005498138882e-03
-6.665519297372498979e-03,4.859095674795122465e-03
-6.440919609350341697e-03,4.605803677895510019e-03
-6.309986740544581453e-03,4.754702567298309430e-03
-6.452923698311263147e-03,4.761765028395772981e-03
-6.355955601964969996e-03,4.549560150819005090e-03
-6.498595675845986186e-03,4.575078259191616738e-03
-6.287648591154138510e-03,4.781654734127710644e-03
-6.192621974699951543e-03,4.407686047749068657e-03
-6.330455734324443723e-03,4.613125714072331685e-03
-6.516520959879895658e-03,4.461716645009656916e-03
-6.103776612261705738e-03,4.671978864040723760e-03
-6.423565494745662845e-03,4.555308585452007286e-03
-6.162011730041154489e-03,4.516592663177296761e-03
-6.211359267453591022e-03,4.308742106638771552e-03
-6.171563254644244628e-03,4.661508434235462663e-03
-6.109914929598326411e-03,4.267375040975133343e-03
nan,nan
-6.118316868992821657e-03,4.639471843703256611e-03
-6.083587656520395015e-03,4.541504140908256444e-03
-6.201643429902442377e-03,4.757061474073586739e-03
-6.198035044569040475e-03,4.854829007808070772e-03
-6.034746114730885069e-03,4.603223892618597997e-03
-6.290470366989972528e-03,4.824371714898399201e-03
-5.899859600127992793e-03,4.623778254870384609e-03
-6.058522704277689332e-03,4.751473853210163960e-03
-6.075873614567599799e-03,4.831187923323589269e-03
-5.963671592925808528e-03,4.688751885998754081e-03
-5.893182347626511192e-03,4.807628556265240022e-03
-6.083931440709695188e-03,4.776424204735504192e-03
-5.763588792049578746e-03,4.641706367841252900e-03
-6.100196390173576177e-03,4.845581842132284760e-03
-5.767277023062293735e-03,4.718715604185394485e-03
-5.844395801093621619e-03,4.615528574595982592e-03
-5.969737371599110991e-03,4.859794712333549531e-03
-5.736980590309252899e-03,4.572014824916756544e-03
-5.857058154852660264e-03,4.623028119320751576e-03
-6.019055743546687480e-03,4.779094960897471191e-03
-5.604068418340828368e-03,4.505540680744177760e-03
-5.876158431244421498e-03,4.761708162518315558e-03
-5.675211452105157449e-03,4.636328522627850175e-03
-5.720602774831935571e-03,4.459493498625797907e-03
-5.882959289624317689e-03,4.695903177875285217e-03
-5.687666967543364947e-03,4.550194502859188778e-03
-5.595300433999397284e-03,4.475127279803235887e-03
-5.760566460127837692e-03,4.661753649428733264e-03
-5.561698679500252408e-03,4.416498909926301446e-03
-5.679217954086705766e-03,4.457444528747624320e-03
-5.731565015766246045e-03,4.502222291330362780e-03
-5.527058972271924921e-03,4.370220546738020490e-03
-5.601429721752503033e-03,4.530250725894620877e-03
-5.517479462408404582e-03,4.430284490348476711e-03
-5.494600491771593591e-03,4.269953998479635721e-03
-5.538261494179894974e-03,4.436443509968167505e-03
-5.400915722268840279e-03,4.256828244261961179e-03
-5.295741625077132926e-03,4.211109173560912376e-03
-5.536641386669580167e-03,4.409773402664536775e-03
-5.313021970208582113e-03,4.207446987224710937e-03
-5.261392021043537724e-03,4.151947823076461604e-03
-5.375685135335979241e-03,4.244034392714688721e-03
-5.077914918769109616e-03,4.100707474697228017e-03
-5.196617616075767387e-03,4.113372958887234060e-03
-5.275160410760541124e-03,4.182314199483003377e-03
-4.963189035679397600e-03,3.936801820688917188e-03
-5.290441870227749997e-03,4.129205636299132683e-03
-4.953689211712877100e-03,4.022087694264087770e-03
-5.075544785959994545e-03,3.973216998023411210e-03
-5.043436828762516179e-03,3.929539017987784127e-03
-4.776185700115211964e-03,3.784443476536970222e-03
-4.872462693467393899e-03,3.925217702525483909e-03
-4.897538909324340543e-03,3.849907225082908110e-03
-4.737444966518979811e-03,3.727854268596647591e-03
-4.977280297448990511e-03,3.908863971334475794e-03
-4.870050404311850392e-03,3.837510164245377855e-03
-4.655612846584710265e-03,3.651936427586094294e-03
-4.877626337180589362e-03,3.782705302564300792e-03
-4.778192846618794717e-03,3.661731505350877131e-03
-4.660773918545252879e-03,3.580960896004037244e-03
-4.734969638936586261e-03,3.712634550478253938e-03
-4.506554396587851390e-03,3.554090493328549653e-03
-4.557805721655878127e-03,3.572966641852746202e-03
-4.625250041424819325e-03,3.508126733039988818e-03
-4.499399092333031258e-03,3.451144570490824459e-03
-4.438226264814877468e-03,3.460771517632187187e-03
-4.482241743403838144e-03,3.452494519667685582e-03
-4.198691615129176817e-03,3.313585958742338525e-03
-4.381434548192181776e-03,3.336342696145343147e-03
-4.398129798894128556e-03,3.318151066037349720e-03
-4.197782803722246471e-03,3.190721744187695937e-03
-4.377948314147341383e-03,3.305645392638351804e-03
-4.280732785402920418e-03,3.105021802176361704e-03
-4.242083981845795430e-03,3.146351475993260788e-03
-4.411264490550081269e-03,3.301803460458548750e-03
-4.009708813555303702e-03,2.964571592246258158e-03
-4.285978928919103280e-03,3.258756128133441596e-03
-4.149483245387390780e-03,3.109760367241231390e-03
-3.903027861812563473e-03,2.871031225344615381e-03
-4.275788036153543685e-03,3.156369195323743739e-03
-3.973354843783535352e-03,2.885384940892860104e-03
-4.075514490774145848e-03,2.957147341071662914e-03
-4.109484063386364787e-03,3.134209107223306836e-03
-3.885343550031485505e-03,2.787769160879673136e-03
-3.991211233477980590e-03,2.944046445533887637e-03
-4.027532495378286469e-03,3.017462314408010746e-03
-3.826465211408554539e-03,2.795736590138726135e-03
-3.831678529657862528e-03,2.881755232839586321e-03
-4.004674386357986136e-03,2.841700442170556201e-03
-3.722524016334791217e-03,2.650079558802290961e-03
-3.900480465864903951e-03,2.979452456960790443e-03
-3.976168537363505666e-03,2.769662379691192975e-03
-3.605677666339192431e-03,2.536510687851183197e-03
-4.015503524056044347e-03,2.769091615113460168e-03
-3.711246705450468083e-03,2.512345024578359343e-03
-3.582091101979840726e-03,2.550293256308502118e-03
-3.752755461629040529e-03,2.709860761822317169e-03
-3.629457190069732952e-03,2.418208366576463878e-03
-3.773001311277629759e-03,2.623517879618254226e-03
-3.689280247503188160e-03,2.671332499213449011e-03
-3.506027017154069499e-03,2.404484043776482140e-03
-3.755748048520979061e-03,2.596092391978653460e-03
-3.657456419300264550e-03,2.445184651221594865e-03
-3.464373138557348946e-03,2.159009663007668226e-03
-3.561680537923300749e-03,2.660263563971306672e-03
-3.368030555222929854e-03,2.225933498150151155e-03
-3.500067319440709063e-03,2.356824648146517345e-03
-3.477629253963094354e-03,2.329619019876846917e-03
-3.227227717245720329e-03,2.120492194456125110e-03
-3.623724537967690836e-03,2.366572508334789573e-03
-3.225784856503866298e-03,2.311608137544524100e-03
-3.300406618179750531e-03,2.124679816119880854e-03
-3.526099505961439399e-03,2.266317485115169287e-03
-3.216621598572235851e-03,2.233478549897525197e-03
-3.308053078546129705e-03,2.061671962225999997e-03
-3.296545312259137935e-03,2.132263416177251208e-03
-2.898383658470692504e-03,2.086056238755556319e-03
-3.342763237852987637e-03,2.063846737232611587e-03
-3.146282000032381027e-03,2.153215775521956973e-03
-2.950608429028533583e-03,1.973072347174603062e-03
-3.152232190982196241e-03,2.161422698454552090e-03
-3.036082474354457033e-03,2.042960061019194386e-03
-2.989374649398092096e-03,1.890368083664328847e-03
-3.137747377416962458e-03,2.221506027449970944e-03
-3.060378464772261792e-03,1.890449728378306880e-03
-2.975955430530374552e-03,1.773268790243482133e-03
-2.968450033839871091e-03,2.049608018974983983e-03
-2.929180005048090830e-03,1.727203762881455995e-03
-2.907189360036354156e-03,1.972880752652542060e-03
-3.172123385766935106e-03,1.760481131131507284e-03
-2.697780740571048812e-03,1.810622342792972406e-03
-2.913952117834574165e-03,1.921769828683227545e-03
-2.921473819728140787e-03,1.774850539271972255e-03
-2.768222820650340522e-03,1.697630457094862931e-03
-3.004668698894191487e-03,1.892295248853023693e-03
-2.904675117873829412e-03,1.600012539295207065e-03
-2.861705052934997075e-03,1.693114290559508432e-03
-2.809844863370845880e-03,1.716319017695185382e-03
-2.695718700453908143e-03,1.706187339755721455e-03
-2.957731101960300781e-03,1.656574536836702112e-03
-2.816414834848594492e-03,1.678165708765889637e-03
-2.666323717492273451e-03,1.472948746036155778e-03
-2.783915332774129087e-03,2.027142628337596370e-03
-2.687955322868024535e-03,1.521730213169804726e-03
-2.699440468217436176e-03,1.532072846446095064e-03
nan,nan
-2.567256637972148165e-03,1.655398800680718541e-03
-2.600608767274862482e-03,1.809471047144202817e-03
-2.694358653812337166e-03,1.855898048458573231e-03
-2.567260151588827023e-03,1.812414555460530041e-03
-2.741999516508364463e-03,2.029085218807394429e-03
-2.742520050882066383e-03,1.934596589309279776e-03
-2.584902781071385120e-03,1.939752634800674365e-03
-2.664411551657711041e-03,2.076790436749730798e-03
-2.572615044571457520e-03,2.015539618739937977e-03
-2.508663529059940774e-03,2.014843937971383392e-03
-2.483669732836519314e-03,2.243768077816394538e-03
-2.516421402137668240e-03,2.036045531589151386e-03
-2.562566032419413570e-03,2.147422160164358298e-03
-2.427660831368281830e-03,2.121370548496123113e-03
-2.451431135739520761e-03,1.946964686100250861e-03
-2.609504009173198563e-03,2.126183121376472914e-03
-2.542780900960587079e-03,2.102329970311614480e-03
-2.326666408663882486e-03,1.899072786814049590e-03
-2.544046451547571364e-03,2.156320884545960548e-03
-2.447092683403151014e-03,1.963771739292680899e-03
-2.476045566232179269e-03,2.047914822869587644e-03
-2.559975349450558258e-03,2.129481332488668884e-03
-2.404796107730935995e-03,1.907945025859064973e-03
-2.468607578690189350e-03,2.001475238919211194e-03
-2.391578099266994037e-03,2.070779315569786037e-03
-2.240269843237519768e-03,1.852615505470753959e-03
-2.387611619995146355e-03,2.138852429759051377e-03
-2.419906786804409266e-03,2.013713894661772058e-03
-2.280669949952075694e-03,1.893638814893519205e-03
-2.479149662968746243e-03,2.070727943972029087e-03
-2.286160528273197944e-03,1.797154456982201888e-03
-2.056164825756983273e-03,1.774864419085904780e-03
-2.395924531732879312e-03,1.928176468215445777e-03
-2.005150398524629344e-03,1.664324407642718854e-03
-2.293837080864380689e-03,1.882661132217078315e-03
-2.107084649898167353e-03,1.807901613081124709e-03
-1.934057083938123256e-03,1.448375900739036102e-03
-2.252034659865816482e-03,1.841862841506984204e-03
-2.085575117249103758e-03,1.679406120058834660e-03
-2.094999953270075457e-03,1.617107865272302382e-03
-2.117991007813842946e-03,1.829808754744279703e-03
-2.019832434396982412e-03,1.613857441839518540e-03
-1.920203460047699472e-03,1.665369889214626505e-03
-2.049253802289941525e-03,1.718921140956190504e-03
-1.876042098479470096e-03,1.458869261380024403e-03
-2.057182947713462242e-03,1.700187231156499029e-03
-1.826578506732388614e-03,1.515568831711704839e-03
-1.872798437014183692e-03,1.373931529323261765e-03
-1.830178653986542668e-03,1.609153767540593251e-03
-1.876236309998081551e-03,1.429554047284296468e-03
-1.647282483506521842e-03,1.263514179764327642e-03
-1.712502480708322184e-03,1.575022133947798523e-03
-1.759837969810098103e-03,1.314370801837692199e-03
-1.620242900898071240e-03,1.309320282706362111e-03
-1.768597839519007705e-03,1.421290390569194791e-03
-1.592648560219706673e-03,1.180509858723733123e-03
-1.687581892754340786e-03,1.420985350237875420e-03
-1.506995947519099545e-03,1.204502495143163323e-03
-1.494033926227044578e-03,1.130721633635300592e-03
-1.748391496322937140e-03,1.317439517325673078e-03
-1.511882873105012751e-03,1.145074676115882513e-03
-1.512785999524004360e-03,1.125011319733045358e-03
-1.643861409948164974e-03,1.182679357197493871e-03
-1.374886591717706594e-03,9.735152911889977112e-04
-1.376807624025947309e-03,1.123199911094474894e-03
-1.464917773957348556e-03,1.113808539234355938e-03
-1.192527290071278929e-03,8.943966208461105174e-04
-1.435652602710542651e-03,1.124255081311140549e-03
-1.311091961880969962e-03,1.048706126753922189e-03
-1.130820933043117206e-03,8.106672678600476689e-04
-1.326860135052150254e-03,1.019241954974567680e-03
-1.185979516573970214e-03,9.039670907994684082e-04
-1.215217410145251519e-03,7.402511732762703236e-04
-1.130616380809671860e-03,8.695864819745791627e-04
-1.095643901061397682e-03,6.091851547233942963e-04
-1.088795846788008894e-03,9.251209869986579126e-04
-9.943959565007192553e-04,6.957881640828415251e-04
-1.025359035368148290e-03,7.263509975895127970e-04
-1.147831977603511145e-03,8.047555949628424363e-04
-1.008260030770667020e-03,7.322943210231631092e-04
-8.595090896932362909e-04,5.660101581304322884e-04
-1.061693304978285303e-03,6.990829448124541434e-04
-8.772227893212650174e-04,5.283691302078152288e-04
-8.468775807204004811e-04,5.482293177891429947e-04
-8.954757339276036556e-04,6.714546130248052200e-04
-8.389663090057995895e-04,4.656278971992567077e-04
-1.100819393890054747e-03,4.337696425806604754e-04
-5.715985403360312198e-04,7.699966726830038142e-04
-6.823739814640050185e-04,2.735528885168328483e-04
-7.489518605142807955e-04,5.267570438285719414e-04
-9.125780745737084717e-04,5.276699405690511713e-04
-6.629959427254025067e-04,2.848574624554784935e-04
-9.472271763769756631e-04,5.920136325993872193e-04
-6.590588592033305715e-04,3.278399461387980214e-04
-7.151908267355883966e-04,3.926657102524659941e-04
-7.187189512392484205e-04,3.769179477499014501e-04
-5.503181743239359816e-04,2.569446404147903156e-04
-5.887624888244886437e-04,3.120106967535706270e-04
-5.819836355021578431e-04,2.835615466392574506e-04
-4.956063347156374746e-04,1.470161192188174928e-04
-7.583583174719637490e-04,1.770787679774473431e-04
-4.097647977356847632e-04,3.835912582258610708e-04
-3.106881605737053104e-04,9.157600630849485612e-05
-6.695346927390929265e-04,2.909948249360527761e-04
-4.342036708695051067e-04,8.522370756361187527e-05
-4.713798945170169508e-04,2.000653018736757991e-04
-5.793070615303005369e-04,4.226199665353693591e-05
-2.905004066640360099e-04,1.644797704805032459e-04
-3.319859409337602425e-04,6.915977363906866682e-05
-4.016971400308260863e-04,-1.217728646013549465e-05
-1.605768548507679474e-04,-1.547828075872230774e-05
-5.105197735760161467e-04,3.004445491939372603e-06
-2.804827737821324191e-04,-1.200311107254793257e-04
-2.294295950836620771e-04,-4.825227695149045959e-05
-4.533168184977440229e-04,-7.112877659337310532e-05
-6.952014982733861748e-05,-1.555543321687738456e-04
-1.430036186958813375e-04,-2.217394618672640651e-04
-3.457373304438810663e-04,-3.554723457684557519e-05
2.471795873551045281e-05,-4.289351897367131290e-04
-3.755484824356358363e-04,-4.270009814906378798e-05
2.023296240752850276e-04,-2.628353965893395479e-04
-2.300395504223299995e-04,-3.425523976029696822e-04
-2.873013974591705623e-04,-1.942142415894456407e-04
-1.703974009803864290e-04,-1.543602314596631553e-04
-1.595811639351190356e-04,-3.961848374540120617e-04
-6.785006745286166496e-05,-2.403088182955729344e-04
-1.015015450640584932e-04,-4.541805641037529044e-04
2.418128807386548534e-04,-1.455917403850014722e-04
-3.452171245782627296e-05,-2.376160988571858479e-04
-7.282061565208723674e-05,-4.957816035008033020e-04
-9.540600866874786301e-05,-1.475937766140256733e-04
1.154723219028766095e-04,-4.016502352846597346e-04
-3.379117153188190137e-05,-4.840993432167877146e-04
-2.232562131714374706e-04,-4.268733706841917603e-04
2.216081634814955764e-04,-1.538206576822039593e-04
2.362838892524509458e-04,-5.736953882881876696e-04
-1.400944646420947961e-04,-3.131660805181385736e-04
2.841997374153319299e-04,-6.549030697970079909e-04
1.104716515658605848e-04,-3.608513442750436724e-04
2.164763040364680452e-04,-4.031644701545262772e-04
5.656960392365698032e-05,-5.986671397070070233e-04
8.308668897754414872e-05,-4.800588083423325270e-04
2.462117088404796174e-04,-4.872851396889113789e-04
3.020665210414225500e-04,-6.089100117642257115e-04
8.499386503119735214e-05,-4.998249509335581922e-04
nan,nan
2.285650683386247078e-04,-3.518993572122729174e-04
2.099806843704835611e-04,-2.152123106452750458e-04
1.687213573610448489e-04,-2.937853120909769970e-04
1.185059909681694391e-04,-1.214549429880129177e-04
2.109947428568092890e-04,3.762666864254767674e-05
9.996738336122817914e-05,-1.926853433129304685e-04
7.096409094158907804e-05,4.071110411578195831e-05
8.519890771021994258e-05,-9.674323120287495553e-06
1.769826422581225606e-04,-8.648562126258377281e-05
6.653556399089805018e-05,8.620211011148524994e-05
2.219368491150359307e-04,-1.015451031363632102e-04
1.513005477682202867e-04,1.839070897888840300e-05
2.316950832636476348e-05,1.624048243060704220e-04
2.159450588243427697e-04,-2.668970757602427341e-05
-3.042155883764205426e-06,1.533449301965421894e-04
2.054366408994831724e-04,1.504481849895454582e-04
2.472986127717667214e-04,4.394189177597702256e-05
9.683633908869002116e-05,2.216904128817358266e-04
2.004458072981865483e-04,7.954363640210714026e-05
3.739289848152475143e-04,8.564367373985656479e-06
1.044675790189194821e-04,2.498602844603452222e-04
2.581815393136547838e-04,3.813255217871569513e-05
2.560186380862420480e-04,1.735616946905785274e-04
1.522279675209581848e-04,1.787060378196092536e-04
3.957592816944352780e-04,-7.004866557741341881e-05
2.260309467908185185e-04,1.521125112129475263e-04
2.696739219389705376e-04,1.293889066173783411e-04
3.641892162946820948e-04,1.080721596288802822e-05
1.449938107683663155e-04,1.791001009931574570e-04
4.154059066085596941e-04,-1.239645228751420360e-04
2.489178057588428694e-04,8.176377092527128604e-06
3.060120638140352567e-04,1.069479310685575029e-04
5.100132230181445578e-04,-1.647326596577366185e-04
3.077790476142122644e-04,-1.293953361042437208e-05
3.738429906102371664e-04,-2.557653751354578214e-05
6.472741332822022067e-04,-2.536149267424528397e-04
2.541991099325122410e-04,-1.943368403724624049e-05
5.450344038833992858e-04,-9.596915600310756966e-05
5.261311370889134578e-04,-1.197357708248314863e-04
4.923939810350276688e-04,-3.371909009318903909e-06
6.537857905693390944e-04,-1.066872309971230310e-04
5.981804265694900397e-04,-1.161956590582819830e-04
7.043535894651099805e-04,-1.487693423084824609e-04
7.626697376463473232e-04,-3.456142547685290829e-04
4.755409221220950893e-04,-1.115470778378473138e-04
5.846374443666205872e-04,-1.436817909416995278e-04
7.863922911745709066e-04,-4.323686656760086506e-04
5.010524401884656337e-04,-1.578406838597482822e-04
7.988877699991164122e-04,-3.909678516589981385e-04
7.265324508950206503e-04,-3.625649257409460928e-04
7.134297254852949022e-04,-2.540593890227524354e-04
8.957857678781721428e-04,-4.168077336592981852e-04
7.391390188585122848e-04,-4.243666765503401332e-04
6.893939829039399383e-04,-3.837250777690807968e-04
9.468542950081601647e-04,-5.778665866793287207e-04
8.792599784204114957e-04,-4.945785827045780236e-04
7.711590945889476708e-04,-4.844976692325100864e-04
1.150374054869321774e-03,-6.293379954159759870e-04
9.078442872038506445e-04,-4.582638890521645021e-04
1.095668252208064491e-03,-7.158935058187305403e-04
1.133266023945722319e-03,-6.672007429465905961e-04
1.040266396163532945e-03,-6.058280526532305041e-04
1.183909726884983761e-03,-7.454712234747860313e-04
1.175450598598979822e-03,-7.363108299594869899e-04
1.050331375863754885e-03,-6.985115295565549323e-04
1.310225723924826917e-03,-8.654261322237020168e-04
1.190245449082034945e-03,-6.436004296914293876e-04
1.126180655888383382e-03,-8.482849055085131540e-04
1.310781263709792296e-03,-9.778960891739692241e-04
1.141066013682908581e-03,-6.934129668636548069e-04
1.381007484652619103e-03,-9.915583963405253092e-04
1.173151920657870134e-03,-9.100589850617757945e-04
1.095607910996329549e-03,-7.124931112751803916e-04
1.464169938758167963e-03,-9.706184817428846479e-04
1.257856052217258850e-03,-8.591402502916267161e-04
1.237816511409188525e-03,-9.161022885540992533e-04
1.665750143706927131e-03,-8.958988630517009675e-04
1.153031773696199663e-03,-9.238101040985648984e-04
1.480017846944688782e-03,-9.876011591956692943e-04
1.599737768616577667e-03,-1.122351426106746623e-03
1.397334534222051438e-03,-8.458678763917359131e-04
1.526343097320714088e-03,-1.073124235745978898e-03
1.514940626728504157e-03,-1.060866283203803660e-03
1.421666092852035988e-03,-9.823199384453203120e-04
1.603839597065630576e-03,-1.216840609526052526e-03
1.566553865736595302e-03,-1.084816608669921271e-03
1.470615393206538279e-03,-1.072044775437207579e-03
1.796553351028345276e-03,-1.336389447038632133e-03
1.524363726881386829e-03,-8.974105786011682406e-04
1.717007464753500870e-03,-1.201571878334192073e-03
1.544557339673959320e-03,-1.249466369338609467e-03
1.517450565337015098e-03,-1.045356666850770890e-03
1.712401717082890143e-03,-1.384138050064654931e-03
1.699751280114594060e-03,-1.142654792283478299e-03
1.609768119923440238e-03,-1.250514919999162452e-03
1.840698161018882893e-03,-1.457026373077728587e-03
1.496372403636900316e-03,-1.156575892656501849e-03
1.733558213915359662e-03,-1.449051621415184095e-03
1.941261504081202459e-03,-1.217345174442648363e-03
1.471495435346121747e-03,-1.190057947846330511e-03
1.831028117838298316e-03,-1.348525390547787193e-03
1.756749861971668896e-03,-1.327262127118716438e-03
1.456308810575636685e-03,-1.348665232811043641e-03
2.120112423458289218e-03,-1.341684575059932938e-03
1.623460092990968622e-03,-1.296733520409406757e-03
1.669454579912080282e-03,-1.498948632264047705e-03
1.998023668563437064e-03,-1.406502909726311005e-03
1.491046333989141893e-03,-1.301020630867192858e-03
1.785732506851398687e-03,-1.433262847871409618e-03
2.011416585724829561e-03,-1.704779992904625506e-03
1.752909848058086624e-03,-1.284444668790626215e-03
1.780478698672544784e-03,-1.530833785242287750e-03
1.993427319634154520e-03,-1.495527835152335059e-03
1.756058568813725516e-03,-1.468926923907059754e-03
1.849005845218356812e-03,-1.543180504973999364e-03
2.047282673169234426e-03,-1.293073620323710203e-03
1.826165765785143016e-03,-1.432384931598568558e-03
2.015978665736736005e-03,-1.641429113469873276e-03
1.884434269742997839e-03,-1.242826508538620979e-03
2.048662609166147786e-03,-1.694294994765356945e-03
1.891064602558645584e-03,-1.519193188343987170e-03
1.957702324578582728e-03,-1.358934123069229947e-03
1.980170037631464198e-03,-1.721662859086171447e-03
2.079581450209946631e-03,-1.468214575680867580e-03
1.832022856728040714e-03,-1.491693286172885184e-03
2.115154821252183178e-03,-1.694352184459268053e-03
2.059214446241183511e-03,-1.687911527774688808e-03
1.948245250124757853e-03,-1.566827332175163264e-03
2.110035289487683947e-03,-1.526629895417549619e-03
1.959546446410816243e-03,-1.485134452511853442e-03
1.933354280201482435e-03,-1.485572303858255505e-03
2.075823429541374335e-03,-1.733104375393450551e-03
2.291725707693590460e-03,-1.421151168643558808e-03
2.180547530297526071e-03,-1.839976517510899913e-03
2.055702157689014587e-03,-1.531101794722822262e-03
1.987444372382045008e-03,-1.726032156990079530e-03
2.439141919223359895e-03,-1.587241853774481321e-03
1.847297384480660332e-03,-1.594999981573782697e-03
2.501717627175981378e-03,-1.547708735868627171e-03
2.189859426948482374e-03,-1.854903412826693380e-03
2.232951865181517087e-03,-1.246727571286972147e-03
2.234534771627948429e-03,-1.702550052552225966e-03
2.243177697890520392e-03,-1.627617652605540394e-03
2.156630125354032368e-03,-1.585609641129003379e-03
2.243318053679191088e-03,-1.746760564723605748e-03
nan,nan
2.217281151833837369e-03,-1.561134288815095583e-03
2.207793567831745161e-03,-1.527921958834684403e-03
2.092349229921062082e-03,-1.261211171182802238e-03
2.184844392399676576e-03,-1.361039678112736405e-03
2.105957884379745099e-03,-1.219846352475864593e-03
1.986726269230867491e-03,-1.074513093575073935e-03
2.254556133962275308e-03,-1.253119897491892674e-03
2.024650756459318596e-03,-9.064765440383570341e-04
2.135865344503424298e-03,-1.054414283153080889e-03
2.212914356270438785e-03,-1.062726749151261807e-03
1.947938512683017320e-03,-1.017382606092916142e-03
2.166866101656762800e-03,-1.041378936763403098e-03
2.080569998101443937e-03,-1.042698538115563065e-03
1.980710575845744028e-03,-9.516788363028820530e-04
2.064811502418822855e-03,-1.027854364374515940e-03
2.030606307997550111e-03,-9.146932874616910125e-04
1.952611885096221288e-03,-8.819635751879488506e-04
2.183597712780875350e-03,-1.048133462600205458e-03
1.921878220136794988e-03,-8.472868763382476742e-04
2.059554825268773356e-03,-8.842880125672832612e-04
2.187735380689148721e-03,-9.043098152617645149e-04
1.845467489672527077e-03,-7.845476008382992750e-04
2.115841787708167606e-03,-9.213723051125199395e-04
2.152096844467191530e-03,-9.160340953674808717e-04
1.981841165655696003e-03,-7.354393767939915736e-04
2.212649047717073474e-03,-1.039388825066852760e-03
2.084485787061190597e-03,-8.258348156974654186e-04
1.966490483615265881e-03,-8.357549908192922483e-04
2.215793688095277127e-03,-1.079807940260520821e-03
1.917536463871864381e-03,-8.070854437275572224e-04
2.212411383405385196e-03,-9.311399431151575748e-04
2.159262869336042723e-03,-9.983519262273521638e-04
1.971345550982164189e-03,-7.658025194980424546e-04
2.258377550219436633e-03,-1.054934919148711346e-03
2.174405627251515399e-03,-9.138573261860625510e-04
2.191303308719753234e-03,-2.040958407396480101e-03
2.329499413460563162e-03,-1.114686087416105753e-03
2.212065787691836708e-03,-1.017798704260436090e-03
2.266512282375944282e-03,-9.433565300558133812e-04
2.462434858659733484e-03,-1.100318675975867381e-03
2.274461071953016219e-03,-9.250292946425681118e-04
2.438835007145692332e-03,-1.155554144653823251e-03
2.348072825819836219e-03,-1.126687371675267084e-03
2.196772239799870113e-03,-1.069697090543807573e-03
2.507835722765449412e-03,-1.218275126094209293e-03
2.352918272161343225e-03,-1.138985982321798901e-03
2.428270029340125116e-03,-1.114237284949036065e-03
2.661738412667516342e-03,-1.302261701852487239e-03
2.293828819104073991e-03,-1.184095636230121347e-03
2.467415486608957268e-03,-1.150822571214379529e-03
2.802399178576016944e-03,-1.293184254974119899e-03
2.363893977063820633e-03,-1.123412829590880431e-03
2.688944621048433136e-03,-1.346596971926190822e-03
2.460581688288227941e-03,-1.245389757600644937e-03
2.661848585065005202e-03,-1.205020693623636398e-03
2.757587465521491293e-03,-1.434724207312686184e-03
2.708447808431113397e-03,-1.270754041715415868e-03
2.550152754299884680e-03,-1.281099701112258264e-03
2.731830832520755221e-03,-1.484470964598510329e-03
2.500284708042817706e-03,-1.300765828043131843e-03
2.731170088870764692e-03,-1.462700570935972916e-03
3.036692802270495387e-03,-1.442994683659234003e-03
2.639693854268765350e-03,-1.367635020538483098e-03
2.792306802906785804e-03,-1.452273351771357938e-03
2.844664763205257459e-03,-1.481117572090182412e-03
2.777253584044883997e-03,-1.392440528720899741e-03
2.979139904962331640e-03,-1.580192785293235399e-03
2.776097190625298038e-03,-1.582354760533926210e-03
2.848543009921547780e-03,-1.610916555753714313e-03
3.018078924430832224e-03,-1.598511454770602412e-03
2.898339836594816202e-03,-1.471573311006973972e-03
2.841099862686859157e-03,-1.666651576781048166e-03
3.016285086739780349e-03,-1.822691188636887559e-03
2.871186079345462456e-03,-1.498729776618306199e-03
3.157619391541870071e-03,-1.831107496740784794e-03
2.922048351414491697e-03,-1.710143686961267508e-03
3.035474607708126688e-03,-1.600001802707992941e-03
3.240286826838171055e-03,-1.727212810936248595e-03
3.041383416577217533e-03,-1.629349493414062851e-03
3.088110195131380051e-03,-1.839468468025093643e-03
3.287852151397880739e-03,-1.826302915873142000e-03
3.105972361049884247e-03,-1.731837843355940598e-03
3.150415976844054156e-03,-1.885958153438616058e-03
3.055169061086139993e-03,-1.792786072286487982e-03
3.191481466582379422e-03,-1.672372096077165415e-03
3.260777449127165873e-03,-2.009453382452441265e-03
3.181434626435462442e-03,-1.828285789861152201e-03
3.080961341816166200e-03,-1.897290738167300983e-03
3.257402814267635477e-03,-1.929800611621745182e-03
3.297142339095067431e-03,-1.865710849893343877e-03
3.388659169044683228e-03,-2.030771221941380430e-03
3.192002440086682147e-03,-2.051622120426056187e-03
3.408273017695386681e-03,-1.759462850977244449e-03
3.391419860828713117e-03,-2.109784098059906080e-03
3.283166186150710420e-03,-1.919873102828509705e-03
3.215560963657917905e-03,-1.946482726747727349e-03
3.476331613621078467e-03,-2.176180227896402919e-03
3.362937243006357529e-03,-1.836862580038536169e-03
3.207274777135307037e-03,-2.104188945774791708e-03
3.675231009495667431e-03,-2.118933628980990917e-03
3.134100900768454958e-03,-1.944495842236711874e-03
3.733661772217105029e-03,-2.044740522514829767e-03
3.502548813534729025e-03,-2.012018455940996296e-03
3.224512953032346307e-03,-1.990930273227414782e-03
3.623018011676932843e-03,-2.151958030867475499e-03
3.258735040345885070e-03,-2.128510375336031043e-03
3.323219389319469110e-03,-1.904838268433541731e-03
3.663560456466878352e-03,-2.126006922341484168e-03
3.480653715009838448e-03,-2.101460422359942900e-03
3.596344771061256527e-03,-2.149834307245755086e-03
3.500674772061503764e-03,-2.192838916860712691e-03
3.351120121486925955e-03,-2.061919603472352983e-03
3.672700556253692943e-03,-2.194802042303167083e-03
3.618796950038206603e-03,-2.087082801457350225e-03
3.499825850810028144e-03,-2.319955365146535251e-03
3.957994866942578759e-03,-2.264453058360799739e-03
3.307562642969349206e-03,-2.111376325514068703e-03
3.725167946113985048e-03,-2.339549921694530823e-03
3.674701075730580063e-03,-2.207589996445763394e-03
3.619054803089479921e-03,-2.251729002090713944e-03
3.730829936866977403e-03,-2.319787796742705469e-03
3.544755949467386352e-03,-2.245799940021953652e-03
3.624617124305617565e-03,-2.162986447489626072e-03
3.643095399056509032e-03,-2.320756547708054899e-03
3.769792884915357245e-03,-2.080595991125217675e-03
3.638035981141039040e-03,-2.266474640810876243e-03
3.842694658136372021e-03,-2.433990365485133502e-03
3.603777386270680654e-03,-2.248641056755638825e-03
3.886596206827540312e-03,-2.413400322419390672e-03
3.829185208361794972e-03,-2.382858986013292133e-03
3.695120995500504168e-03,-2.175757619921685117e-03
3.791162033560540462e-03,-2.386220798541484334e-03
3.788320285670714483e-03,-2.110588798259524501e-03
3.573423206230437726e-03,-2.218026013548610263e-03
3.983478069215101031e-03,-2.524806897585250148e-03
3.764160327167152213e-03,-2.206809003667895095e-03
3.750092355450257344e-03,-2.326165971807155845e-03
3.893040293625176645e-03,-2.390858793919974079e-03
3.645355924233517272e-03,-2.415483126043414808e-03
4.152077647906160691e-03,-2.310121320448647268e-03
3.860892302500314177e-03,-2.400819677036843906e-03
3.707990892239273334e-03,-2.336376641022987980e-03
4.111954624042520046e-03,-2.570998445543855402e-03
3.860823336161823844e-03,-2.392911206717657918e-03
3.910776673658068921e-03,-2.249954627578598654e-03
nan,nan
3.858433144985728373e-03,-2.206888142755304705e-03
3.963030752275424444e-03,-2.281374596979518412e-03
3.931947025004899933e-03,-2.069307260621840779e-03
3.888237289784219741e-03,-1.937492829475305793e-03
3.847725391469069157e-03,-2.002115905445496415e-03
3.726850781848433519e-03,-1.905918266580726829e-03
3.803383940752247394e-03,-1.919007455147561268e-03
3.924465989921746382e-03,-1.885679039284534090e-03
3.636209638434315019e-03,-1.729055062179340628e-03
4.005651942059317537e-03,-1.818734444073263207e-03
3.857599769087627969e-03,-1.884680503261762898e-03
3.788169087344901795e-03,-1.674407599330030418e-03
4.000000646591243304e-03,-1.910294787800479897e-03
3.801283816229004877e-03,-1.767568875609182993e-03
3.825037016020727595e-03,-1.651210937082255720e-03
3.924398767098049960e-03,-1.814653684759926335e-03
3.819639829643070930e-03,-1.712722025224490104e-03
3.878963483065128726e-03,-1.794281175888537026e-03
3.910371486936028117e-03,-1.712216432716314298e-03
3.747931672396319098e-03,-1.577169094205257971e-03
3.910324492161612424e-03,-1.787291763527102534e-03
3.833294409994687183e-03,-1.727728827148297978e-03
3.845502340189373841e-03,-1.650256097895315020e-03
3.882753407922776359e-03,-1.750228949638877457e-03
3.842752230955578940e-03,-1.585191003251490123e-03
3.886789329939089373e-03,-1.615731156675797144e-03
3.951173056717958119e-03,-1.776799208920212423e-03
3.800454011329004126e-03,-1.527995959801613929e-03
4.054775397240649275e-03,-1.674659355059257169e-03
3.873943300128520912e-03,-1.642967122208695589e-03
3.921065985083425041e-03,-1.583521165428610324e-03
3.998800888689187615e-03,-1.730444102425911538e-03
3.987489276297959649e-03,-1.621205427398167117e-03
4.005247775463891859e-03,-1.625824257356869862e-03
4.119871122426328400e-03,-1.838542792524158363e-03
4.018087520725673566e-03,-1.703991319805195749e-03
3.996065399068461470e-03,-1.808367799447276351e-03
4.145685350934623023e-03,-1.768637114561946722e-03
4.119553548426507956e-03,-1.621040338161608115e-03
4.184273240880458447e-03,-1.898885979286788926e-03
4.154450031623193283e-03,-1.814526465883162243e-03
3.983322615624619069e-03,-1.709610153903110387e-03
4.292551408341379292e-03,-1.919703576709805596e-03
4.133602891166001346e-03,-1.920332534021684801e-03
4.195474384911896011e-03,-1.888737214578713880e-03
4.317236437676626182e-03,-2.008120193485781607e-03
4.158459135181470818e-03,-1.882776440088961001e-03
4.146541451523035222e-03,-1.940190202232186132e-03
4.591012076886421926e-03,-2.087163686793503531e-03
4.268735995846542446e-03,-1.944650430371366173e-03
4.587610874052063144e-03,-2.189513858086707728e-03
4.329199326978437103e-03,-1.898266417078968817e-03
4.338246742353269597e-03,-1.954089060964090546e-03
4.437262496429222360e-03,-2.230970860701201371e-03
4.459699881302373221e-03,-2.051731404691043478e-03
4.476067460010090156e-03,-2.125646499287293933e-03
4.644328529718970595e-03,-2.184354968985011049e-03
4.476876339076775631e-03,-2.123626065546400325e-03
4.582391422137939083e-03,-2.250486875346032530e-03
4.530979504139254731e-03,-2.456300633948233555e-03
4.374577753835532344e-03,-2.102123297675433794e-03
4.820074923781328055e-03,-2.485810520269669116e-03
4.591310397069389010e-03,-2.241906330925413915e-03
4.637817523754671385e-03,-2.303562554550807936e-03
4.805890717762699264e-03,-2.389406641459913133e-03
4.628047428853912168e-03,-2.199754373996094022e-03
4.742525649471539088e-03,-2.485971121405752219e-03
4.871122415341510616e-03,-2.382085125297146722e-03
4.712665256110623591e-03,-2.249821597364339790e-03
4.926633902373299921e-03,-2.492660648059719878e-03
4.810201587993332036e-03,-2.441998862668673387e-03
4.742740850272104090e-03,-2.578437543980657224e-03
5.182417637651012647e-03,-2.503045295297351425e-03
4.741186613537846060e-03,-2.413696753756160249e-03
4.927670448688884972e-03,-2.486356210699861100e-03
5.012591767910908741e-03,-2.454228654736765377e-03
4.896520781839882458e-03,-2.528271639538971164e-03
5.079829587785336144e-03,-2.573570773786940189e-03
5.061574554890105326e-03,-2.645971204165192131e-03
4.962395384223978675e-03,-2.486196940754121284e-03
5.142920360895361816e-03,-2.662778158224854419e-03
4.920901035590760468e-03,-2.531783457246607888e-03
5.015884666333918565e-03,-2.668240750834445507e-03
5.259961886294767242e-03,-2.673955870914030558e-03
4.969490908590022682e-03,-2.585904081280637149e-03
5.149488925407245433e-03,-2.767800582450177880e-03
5.091860860075386915e-03,-2.785429298753085928e-03
5.156988631429178412e-03,-2.598503646890841512e-03
5.299442738175332186e-03,-2.780306962295400666e-03
5.183502836661533879e-03,-2.754901365583810324e-03
5.231784209489227788e-03,-2.737512154337628286e-03
5.298792864612992398e-03,-2.957090980147433160e-03
5.287308061517792708e-03,-2.656922810805166426e-03
5.166322926208822414e-03,-2.827945783626710508e-03
5.531327968203936241e-03,-2.861492713326718642e-03
5.246123849470401244e-03,-2.726540275378364162e-03
5.430185849505504703e-03,-3.092270266212518437e-03
5.464934136652229747e-03,-2.722599455609776061e-03
5.295474842705772019e-03,-2.828212315586636771e-03
5.376376321649489580e-03,-2.960973347616614737e-03
5.431202835444779754e-03,-2.811969944736409429e-03
5.187910402997756264e-03,-2.947139266191315613e-03
5.740520096392111998e-03,-2.821295942361978087e-03
5.286569890071338325e-03,-2.901227409061715636e-03
5.549053252669821669e-03,-3.075398087556293399e-03
5.512229247901001376e-03,-2.892919571141239210e-03
5.338816155900130180e-03,-3.057707346732033930e-03
5.505771604038094298e-03,-3.207617881640957569e-03
5.770453240325306571e-03,-2.850607072830265484e-03
5.452860614353272593e-03,-2.988775095099582228e-03
5.664426986512102226e-03,-3.167489407702615920e-03
5.817368435469642829e-03,-2.915259328906691285e-03
5.517567958784420912e-03,-3.106735954842224177e-03
5.672338366411784454e-03,-3.129915486172824696e-03
5.589910753548692213e-03,-2.839314231709679556e-03
5.772660703996397406e-03,-3.223900654831491578e-03
5.633064519735057202e-03,-3.053361980398513337e-03
5.751594744759649415e-03,-3.122778357123151462e-03
5.884566796747723282e-03,-3.197280726211865209e-03
5.679881025649068278e-03,-3.144067364745059632e-03
5.542944227062011724e-03,-2.808166621412098388e-03
5.911694877110477454e-03,-3.501708078916854899e-03
5.913591280924231086e-03,-2.970428683358641159e-03
5.787143733019463505e-03,-3.227297319802451079e-03
5.888285132898299183e-03,-3.173811944114279717e-03
5.587634306657118279e-03,-3.141217323462012351e-03
6.016057103430247875e-03,-3.299293041104824856e-03
5.962923926673060517e-03,-3.196393909016798096e-03
6.062492211922352985e-03,-3.152853039397544854e-03
6.084993408166073335e-03,-3.411138111025939501e-03
5.809433375354497615e-03,-3.255728373203749856e-03
5.917735753332331768e-03,-3.264209737439217884e-03
6.150568078424709789e-03,-3.439475134729966330e-03
5.772802108301705766e-03,-3.229075525812270114e-03
6.105199616483823581e-03,-3.498385786470737616e-03
6.254062432340636718e-03,-3.211100795080742282e-03
5.833846761318023551e-03,-3.267719397360488356e-03
6.023666781530490066e-03,-3.518404477781748776e-03
6.200451489566816826e-03,-3.464580725390808275e-03
6.223573798799676184e-03,-3.394754230220649229e-03
6.272148345300137401e-03,-3.439606833814131456e-03
6.017918809169332806e-03,-3.356215081905269959e-03
6.136105063821620936e-03,-3.473277175825510710e-03
6.291436957473680279e-03,-3.480626972626027580e-03
6.261025427018913209e-03,-3.387557646690784931e-03
nan,nan
nan,nan
nan,nan
nan,nan
nan,nan
nan,nan
nan,nan
nan,nan
nan,nan
nan,nan
nan,nan
nan,nan
nan,nan
nan,nan
nan,nan
nan,nan
nan,nan
nan,nan
nan,nan
nan,nan
nan,nan
nan,nan
nan,nan
nan,nan
nan,nan
nan,nan
nan,nan
nan,nan
nan,nan
nan,nan
nan,nan
nan,nan
nan,nan
nan,nan
nan,nan
nan,nan
nan,nan
nan,nan
nan,nan
nan,nan
nan,nan
nan,nan
nan,nan
nan,nan
nan,nan
nan,nan
nan,nan
nan,nan
nan,nan
nan,nan
nan,nan
nan,nan
nan,nan
nan,nan
nan,nan
nan,nan
nan,nan
nan,nan
nan,nan
nan,nan
nan,nan
nan,nan
nan,nan
nan,nan
nan,nan
nan,nan
nan,nan
nan,nan
nan,nan
nan,nan
nan,nan
nan,nan
nan,nan
nan,nan
nan,nan
nan,nan
nan,nan
nan,nan
nan,nan
nan,nan
nan,nan
nan,nan
nan,nan
nan,nan
nan,nan
nan,nan
nan,nan
nan,nan
nan,nan
nan,nan
nan,nan
nan,nan
nan,nan
nan,nan
nan,nan
nan,nan
nan,nan
nan,nan
nan,nan
nan,nan
nan,nan
nan,nan
nan,nan
nan,nan
nan,nan
nan,nan
nan,nan
nan,nan
nan,nan
nan,nan
nan,nan
nan,nan
nan,nan
nan,nan
nan,nan
nan,nan
nan,nan
nan,nan
nan,nan
nan,nan
nan,nan
nan,nan
nan,nan
nan,nan
nan,nan
nan,nan
nan,nan
nan,nan
nan,nan
nan,nan
nan,nan
nan,nan
nan,nan
nan,nan
nan,nan
nan,nan
nan,nan
nan,nan
nan,nan
nan,nan
nan,nan
nan,nan
nan,nan
nan,nan
nan,nan
nan,nan
nan,nan
nan,nan
nan,nan
nan,nan
nan,nan
nan,nan
nan,nan
nan,nan
nan,nan
nan,nan
nan,nan
nan,nan
nan,nan
nan,nan
nan,nan
nan,nan
nan,nan
nan,nan
nan,nan
nan,nan
nan,nan
nan,nan
nan,nan
nan,nan
nan,nan
nan,nan
nan,nan
nan,nan
nan,nan
nan,nan
nan,nan
nan,nan
nan,nan
nan,nan
nan,nan
nan,nan
nan,nan
nan,nan
nan,nan
nan,nan
nan,nan
nan,nan
nan,nan
nan,nan
nan,nan
nan,nan
nan,nan
nan,nan
nan,nan
nan,nan
nan,nan
nan,nan
nan,nan
nan,nan
nan,nan
nan,nan
nan,nan
nan,nan
nan,nan
nan,nan
nan,nan
nan,nan
nan,nan
nan,nan
nan,nan
nan,nan
nan,nan
nan,nan
nan,nan
nan,nan
nan,nan
nan,nan
nan,nan
nan,nan
nan,nan
nan,nan
nan,nan
nan,nan
nan,nan
nan,nan
nan,nan
nan,nan
nan,nan
nan,nan
nan,nan
nan,nan
nan,nan
nan,nan
nan,nan
nan,nan
nan,nan
nan,nan
nan,nan
nan,nan
nan,nan
nan,nan
nan,nan
nan,nan
nan,nan
nan,nan
nan,nan
nan,nan
nan,nan
nan,nan
nan,nan
nan,nan
nan,nan
nan,nan
nan,nan
1.886681988425137693e-02,-1.152693898628812628e-02
1.866853930123982611e-02,-1.146800207056698079e-02
1.907659416243161210e-02,-1.178146500681304804e-02
1.894301132497457074e-02,-1.174067000774255826e-02
1.880290400613353688e-02,-1.168443199821188501e-02
1.905841960050149234e-02,-1.194887418024615476e-02
1.881710961789041445e-02,-1.165636129062773245e-02
1.867195512626432588e-02,-1.192914779814722125e-02
1.896893499598868021e-02,-1.198348004491413266e-02
1.887940582221964494e-02,-1.189837325770093379e-02
1.901608634818853505e-02,-1.206760950008659017e-02
1.885175644582223753e-02,-1.194959305801825827e-02
1.913623994611008891e-02,-1.210717575359281789e-02
1.911620849648905038e-02,-1.214294400842138265e-02
1.891760260522216963e-02,-1.193507798641000976e-02
1.920502007048600218e-02,-1.205090853743684930e-02
1.933397387404874046e-02,-1.223601503240837052e-02
1.919865998839111534e-02,-1.200759657840191202e-02
1.920314860066650933e-02,-1.221402182014468679e-02
1.928948007398691503e-02,-1.209485381810620867e-02
1.915306855379497047e-02,-1.205212852131416594e-02
1.954760904910074482e-02,-1.239383060349002336e-02
1.941335676773318572e-02,-1.220096894104628210e-02
1.920725080146008443e-02,-1.221158650686216852e-02
1.925762052543631211e-02,-1.237669050320479996e-02
1.877968241273389807e-02,-1.202356595219712665e-02
1.942932037100887632e-02,-1.206214658402568474e-02
1.934005800277230694e-02,-1.217383366368979952e-02
1.890716291150783962e-02,-1.202037425202088193e-02
1.912488350396789397e-02,-1.205091664564973859e-02
1.901503945508290286e-02,-1.205416922347007057e-02
1.875949086374958594e-02,-1.186504326586796353e-02
1.929832386265761465e-02,-1.209008277311831442e-02
nan,nan
1.867224898067924854e-02,-1.178272987608466361e-02
1.887665883176307610e-02,-1.183279306731057322e-02
1.845006564530609489e-02,-1.157169064636812822e-02
1.857366525264631321e-02,-1.176889730701810056e-02
1.849461890188644486e-02,-1.170875273871677981e-02
1.820869997055936038e-02,-1.149380469543258981e-02
1.851080761115416612e-02,-1.175987002785257828e-02
1.808952827255150275e-02,-1.144694152211447012e-02
1.820009302783302807e-02,-1.145270394318998429e-02
1.806332649598063958e-02,-1.158549738886569501e-02
1.783162420172760068e-02,-1.123327420886922196e-02
1.790311630302264534e-02,-1.128893673698162271e-02
1.757778214282484583e-02,-1.126258434447245833e-02
1.766903689483314069e-02,-1.105212683057970463e-02
1.774576624818819878e-02,-1.119078113089686660e-02
1.749399998773341555e-02,-1.102134749189968323e-02
1.739980443737771526e-02,-1.086657422229751931e-02
1.726177469354773023e-02,-1.092496261356624802e-02
1.720005370384639770e-02,-1.080944856624019984e-02
1.723606218883930521e-02,-1.077702440273323181e-02
1.705682509063058058e-02,-1.076810698875948526e-02
1.669020999177715445e-02,-1.052223002712468491e-02
1.658717040206890425e-02,-1.068179604205441759e-02
1.690606868845078922e-02,-1.059211165326032211e-02
1.638525426403764085e-02,-1.036238206537447824e-02
1.687092967825915002e-02,-1.062316673054652764e-02
1.633272467668031580e-02,-1.030436725023094365e-02
1.633683107318656749e-02,-1.020868834058656811e-02
1.637259837840293261e-02,-1.025229457117984334e-02
1.613092054637106990e-02,-9.963129113563671743e-03
1.614624107072449785e-02,-1.005855052970483325e-02
1.627711879344389753e-02,-1.006978133315335200e-02
1.580990479155961262e-02,-9.763551088685975751e-03
1.578555536688630925e-02,-9.866172124762572979e-03
1.573005426891322181e-02,-9.729483604078412867e-03
1.586315178382256830e-02,-9.594792462637722827e-03
1.561941684706685297e-02,-9.671479997932889289e-03
1.566884106178232164e-02,-9.461957530716004136e-03
1.559402277233143917e-02,-9.568772952737994095e-03
1.556624836019301385e-02,-9.489781474315830620e-03
1.533416144228062251e-02,-9.229773987397344587e-03
1.540761494167802205e-02,-9.274834712989538099e-03
1.535396395812175206e-02,-9.193956135946087377e-03
1.515582091946141539e-02,-8.981237177593156748e-03
1.526337444688911395e-02,-9.172870116076427618e-03
1.517151031200010547e-02,-8.940729285578945598e-03
1.499471596957516889e-02,-8.945738268798205869e-03
1.514960254875514882e-02,-9.005682881211569957e-03
1.497155257032061794e-02,-8.744403711537814330e-03
1.496463957788701261e-02,-8.836214388844220932e-03
1.507378548587779386e-02,-8.866462338131474510e-03
1.474520746238294766e-02,-8.664190935039476835e-03
1.485563072508674053e-02,-8.783412784678009191e-03
1.475537333310352611e-02,-8.701197858977199190e-03
1.456427873463879419e-02,-8.552517833091894880e-03
1.479538708200197304e-02,-8.688641117237577705e-03
1.474721435544904154e-02,-8.419525005328094489e-03
1.455001241507405951e-02,-8.416623272985149923e-03
1.459624878416623805e-02,-8.498408471553994467e-03
1.445927147729849337e-02,-8.291817989373449424e-03
1.452068272568914596e-02,-8.397159247510405794e-03
1.446153261382383814e-02,-8.393733004792004043e-03
1.440749897314934878e-02,-8.090864463203116183e-03
1.436339523249657857e-02,-8.256561647671698326e-03
1.458445161042068970e-02,-8.057391654702466405e-03
1.408579266803765273e-02,-8.108443251588631773e-03
1.436440385465292090e-02,-8.218991772962903897e-03
1.417013703849572502e-02,-8.015081303388070164e-03
1.421097728122270969e-02,-8.007357155914806776e-03
1.431934323936762989e-02,-8.105877784540466494e-03
1.394282965909243027e-02,-7.822780136955599303e-03
1.408576731482279881e-02,-7.955823523018330790e-03
1.408137670424189185e-02,-7.924513689077908665e-03
1.401254547718838207e-02,-7.663868124762972418e-03
1.422252977514264737e-02,-8.015409411394400566e-03
1.396779239624278655e-02,-7.761574121969257861e-03
1.395990563265029662e-02,-7.674966666434767694e-03
1.411052282522196055e-02,-7.839667791614410991e-03
1.367586759036881067e-02,-7.548096174759513950e-03
1.386713266653955001e-02,-7.735282356687613915e-03
1.387481931265963087e-02,-7.480406303262671260e-03
1.376011033515161207e-02,-7.513406504837076040e-03
1.391903710104500785e-02,-7.503679667475723208e-03
1.369925274121194803e-02,-7.460220678363834769e-03
1.394123962677194795e-02,-7.326496109649498732e-03
1.373792611146430059e-02,-7.531519984396085887e-03
1.370563066519926189e-02,-7.438046110312027115e-03
1.368736248390339805e-02,-7.327208826544148214e-03
1.373058149932503830e-02,-7.408004257180429881e-03
1.355944879933066068e-02,-7.189812150716299970e-03
1.378968966788127366e-02,-7.291123404732817621e-03
1.355139428795150598e-02,-7.399979529380075471e-03
1.355274402380440314e-02,-7.023137975437964385e-03
1.375178237091531121e-02,-7.330946027352482769e-03
1.351742007186659822e-02,-7.133521438740739358e-03
1.351583833299609301e-02,-7.260145290266487028e-03
1.370081049884232932e-02,-7.102591800230768047e-03
1.354816891562761472e-02,-7.120944148758532981e-03
1.334843774634145164e-02,-7.223987730012257531e-03
1.362951353257511010e-02,-7.110795109738336089e-03
1.344292302682512097e-02,-7.013616109273881905e-03
1.342752154761476559e-02,-7.130276375133659007e-03
1.361505405935464069e-02,-7.065724806979090979e-03
1.335305222647672520e-02,-6.919865535480289320e-03
1.348320150631631027e-02,-7.026599762525466940e-03
1.326157824036528626e-02,-6.915581546692133909e-03
1.325738883284881785e-02,-6.732474172130513412e-03
1.357018740579375195e-02,-7.012491676120676844e-03
1.325175597549995386e-02,-6.941795755488770238e-03
1.348700590694192070e-02,-6.890179947031422648e-03
1.309148454527821887e-02,-6.935311173614761016e-03
1.351704960864477494e-02,-6.752888809369759875e-03
1.359975779773283690e-02,-6.798620825716901982e-03
1.325946055987219964e-02,-6.742594736362674153e-03
nan,nan
1.332129896009794610e-02,-6.806101643985291473e-03
1.324361884849282155e-02,-6.641639612800029867e-03
1.322932161380942391e-02,-6.772109818474948521e-03
1.326536751255874384e-02,-6.702236180075176429e-03
1.320786507231497958e-02,-6.575202453783055012e-03
1.321008815252382694e-02,-6.732490612942926278e-03
1.327340745783906102e-02,-6.601909813555688518e-03
1.323496859761539440e-02,-6.585134153269713193e-03
1.344233884864594331e-02,-6.763402924176858261e-03
1.309505615508333755e-02,-6.501555645628796960e-03
1.327176471084990685e-02,-6.572770757253356723e-03
1.316849374762533997e-02,-6.659497861673131618e-03
1.323180311973982948e-02,-6.466906197712452009e-03
1.330420443389340214e-02,-6.609479389197782211e-03
1.312561400571813329e-02,-6.482395658937639867e-03
1.312122014778047650e-02,-6.370810060145060995e-03
1.351451392208028422e-02,-6.663850037967829210e-03
1.302734014865029009e-02,-6.420892280256297428e-03
1.323713560697430992e-02,-6.430983883748631058e-03
1.334930883763833613e-02,-6.573808489027984335e-03
1.308864728688685641e-02,-6.327822579158801954e-03
1.313425419188161795e-02,-6.414775932289336173e-03
1.311912861730540891e-02,-6.454603453652126011e-03
1.307791573924185595e-02,-6.219737822554047800e-03
1.325295781086475999e-02,-6.395243130929619685e-03
1.304816984761851366e-02,-6.261837344324119696e-03
1.323261079597051228e-02,-6.304463935550307097e-03
1.325828843577979942e-02,-6.512164411947386766e-03
1.287248812136203117e-02,-6.143831029478022225e-03
1.311830369998100675e-02,-6.333465092927838096e-03
1.308856528387141414e-02,-6.327505274770074510e-03
1.299631555946747195e-02,-6.101779044629087635e-03
1.310138380140185056e-02,-6.335864357047583419e-03
1.311307592769202050e-02,-6.177979352968058536e-03
1.293044034358416944e-02,-6.069957051786633966e-03
1.328942203598924843e-02,-6.330619798378923739e-03
1.291791022107346282e-02,-6.006922305006354851e-03
1.306383102052117474e-02,-6.102011435948870820e-03
1.334566029387702912e-02,-6.213832771240473257e-03
1.283657683001037352e-02,-5.992935791233039607e-03
1.299978404878677357e-02,-6.082541801021883708e-03
1.327946323937208815e-02,-6.181195939520625800e-03
1.290540246933577322e-02,-5.952500473882402394e-03
1.296695454187891949e-02,-6.129805065944970294e-03
1.297642633621556331e-02,-6.021662380712386638e-03
1.308078668149620545e-02,-5.983691758143259293e-03
1.305115567383596277e-02,-6.086044196753621731e-03
1.290812775011704328e-02,-5.876565085198025111e-03
1.293293709662891866e-02,-5.978149194575532212e-03
1.301415654687709290e-02,-6.044040215328490805e-03
1.302778096070308401e-02,-5.868388706569868142e-03
1.313017137856281429e-02,-6.002922084518742644e-03
1.289713979751417640e-02,-5.914273445332880220e-03
1.288097069995544630e-02,-5.830747627932974554e-03
1.309738958806913600e-02,-5.961313950354565211e-03
1.419400058735302041e-02,-6.223028403377840918e-03
1.302638211838205023e-02,-5.887302873608338954e-03
