2.170088567528177456e-02,-2.695247193995645163e-02
2.130567826012842378e-02,-2.682143945120920095e-02
2.119705180279090814e-02,-2.678267530400844226e-02
2.128845697414965057e-02,-2.689141451943417860e-02
2.062188964742044800e-02,-2.656926894056802282e-02
2.113326895222852886e-02,-2.679840559663789618e-02
2.116894819163409394e-02,-2.684559385395360667e-02
2.120026859363973934e-02,-2.680294399918430742e-02
2.101527046650826513e-02,-2.685081558294967127e-02
2.101971118114926221e-02,-2.690038247018246634e-02
2.101608189568112892e-02,-2.687960028443901056e-02
2.068799981768465468e-02,-2.661918712831597145e-02
2.067677281083498547e-02,-2.669490977313944066e-02
2.075426831672594688e-02,-2.652563078987617284e-02
2.052562970372823550e-02,-2.628913556757850323e-02
2.058339774929686394e-02,-2.648870324968466416e-02
2.036121733547986007e-02,-2.666421897172485678e-02
2.032449320076491414e-02,-2.659488308734386103e-02
2.025009985439101337e-02,-2.664894773485841986e-02
2.020449994035813240e-02,-2.655678318285183137e-02
2.069745260107558327e-02,-2.654749920874389588e-02
2.013467266554168703e-02,-2.646763543908179500e-02
2.038625486708378967e-02,-2.643243653002618279e-02
2.049544963411495044e-02,-2.651798996375252793e-02
2.029573459152067202e-02,-2.645744973858009386e-02
2.032432716458136557e-02,-2.645311313581662910e-02
2.018638161764715888e-02,-2.652228795246665966e-02
2.051802044826227592e-02,-2.659493186648477850e-02
2.027128857510272081e-02,-2.654144684576551644e-02
2.019342176221071428e-02,-2.645197696196289680e-02
2.044340333645519592e-02,-2.673092302262059308e-02
2.029762884505387915e-02,-2.645744139639583103e-02
2.021991479479867682e-02,-2.652733975827811438e-02
2.004436324602930364e-02,-2.623367645769074732e-02
2.026704239177088557e-02,-2.652118989013496630e-02
2.015832406245507066e-02,-2.629604328682113093e-02
2.001110660196950622e-02,-2.631099550490601305e-02
2.036423609413467659e-02,-2.673126484958189206e-02
2.019105109211733959e-02,-2.629614074796600420e-02
2.038343720838331138e-02,-2.653254818443728444e-02
2.045371250969579141e-02,-2.628977187254026918e-02
2.061835641220682511e-02,-2.641185464968039132e-02
2.034178611746752588e-02,-2.666093554091744991e-02
2.011390225054851544e-02,-2.636631636908321266e-02
2.036263455491422319e-02,-2.651719521540945104e-02
2.004368442401468706e-02,-2.636575458489597013e-02
2.007799184051457103e-02,-2.652337103378217195e-02
2.008034570707735444e-02,-2.638725219495498958e-02
1.997528794653832124e-02,-2.645147227968884865e-02
2.006070389890503292e-02,-2.652296593979592415e-02
1.977100646038061627e-02,-2.606426262373562688e-02
2.008127196913745902e-02,-2.651790931603493010e-02
1.994564314232768337e-02,-2.614050475166892346e-02
1.991153032497659098e-02,-2.604423784123372637e-02
2.008193841921660297e-02,-2.636809443719193707e-02
2.018903417259321209e-02,-2.641100335072822658e-02
2.015028630362534351e-02,-2.650561556017143675e-02
1.975213261160394668e-02,-2.618113671939616138e-02
1.980957731296440621e-02,-2.604405459679291074e-02
1.998848061962767500e-02,-2.611669471081387583e-02
1.971114700358760075e-02,-2.584405046517990537e-02
1.982942565682326019e-02,-2.607031056053165860e-02
1.948513156299044174e-02,-2.566152608876430888e-02
1.940284061885846206e-02,-2.596042657711750481e-02
1.932835577215913717e-02,-2.578308492580787606e-02
1.926528416182208409e-02,-2.549011764327275761e-02
1.943440536542631256e-02,-2.584457074787867986e-02
1.898453524110859519e-02,-2.542179967317979503e-02
1.933011527824888762e-02,-2.557429087710997098e-02
1.919169587143042949e-02,-2.531699166787240718e-02
1.937671040523893801e-02,-2.553420887331571756e-02
1.938690428522361897e-02,-2.555378732249441801e-02
1.920603819714183230e-02,-2.539570416607402070e-02
1.939572576766634623e-02,-2.543464104384638574e-02
1.955627025499551488e-02,-2.550219051926874703e-02
1.954633631748737416e-02,-2.545305552561034912e-02
1.955255457634124533e-02,-2.537721621023051113e-02
1.961703482183602826e-02,-2.548036293552862624e-02
1.968056174503016176e-02,-2.555820787247963313e-02
1.980506983393981110e-02,-2.516740712823314560e-02
1.972578261563761107e-02,-2.551760131730348991e-02
1.937578711788608826e-02,-2.544679160079451816e-02
1.972554290065781785e-02,-2.543971676877932256e-02
1.969916419597325663e-02,-2.508829791994434885e-02
1.968892746540484504e-02,-2.520544345837043634e-02
1.976523770512342293e-02,-2.525582534691546421e-02
1.957334358895564813e-02,-2.516181047503340817e-02
1.973996356139728209e-02,-2.515609849952671687e-02
1.953099176313475085e-02,-2.519556225593547888e-02
1.959776669767103810e-02,-2.519748446367834488e-02
2.018169512910091695e-02,-2.528422052072007431e-02
2.008107336076554034e-02,-2.500589282017755613e-02
2.014193519000603838e-02,-2.494863869934480990e-02
1.978219613702103183e-02,-2.465044631720336721e-02
1.992268113869478594e-02,-2.511777069018799116e-02
1.975359536223915066e-02,-2.502327192689743351e-02
1.985775362240578545e-02,-2.473187487437834495e-02
1.978361887880887918e-02,-2.469585214926270367e-02
1.973739721955027754e-02,-2.480126985400412168e-02
1.999334210447655316e-02,-2.497123813657951136e-02
1.958102161702772459e-02,-2.465246374721173986e-02
1.963475172880881081e-02,-2.458731176146643216e-02
1.995314369187201758e-02,-2.479136362088264767e-02
1.963172104880795202e-02,-2.464240569134561881e-02
1.967089338084943365e-02,-2.470612108499959172e-02
1.942752346453100604e-02,-2.437813559949590994e-02
1.972696718475166339e-02,-2.451072421730475862e-02
1.989589528798135082e-02,-2.468803911708538149e-02
1.951916663730159443e-02,-2.461727077508070807e-02
1.945986564114805459e-02,-2.462718819928888178e-02
1.933226526168290230e-02,-2.444937111197538482e-02
1.989977688356375438e-02,-2.490253830977591509e-02
1.946273317488941140e-02,-2.445806872448552313e-02
1.957929730765070597e-02,-2.452466769170403085e-02
1.933550688965457454e-02,-2.442662031724507701e-02
1.937096806015859915e-02,-2.449979776252030408e-02
1.944705648441345108e-02,-2.458878434692689241e-02
1.917496297384779780e-02,-2.428297562719241437e-02
1.929490533813406350e-02,-2.433475586415656880e-02
1.922623297764138386e-02,-2.427190590901067910e-02
1.936565692557541338e-02,-2.415261181314253339e-02
1.955763121414103370e-02,-2.433633408473321463e-02
1.929081931792674467e-02,-2.411170257787271717e-02
1.931520654499576176e-02,-2.417192151484894372e-02
1.929742103161346048e-02,-2.415278171852111924e-02
1.927642015849474755e-02,-2.426254952271635068e-02
1.936116308042098652e-02,-2.425211069622827675e-02
1.907756449464581214e-02,-2.396466108524053854e-02
1.901847364233202192e-02,-2.410273856217512098e-02
1.911520718239237762e-02,-2.402809844332548170e-02
1.894463340757035832e-02,-2.407245235470296257e-02
1.899135660151512681e-02,-2.387344207344692382e-02
1.897192986633719491e-02,-2.394263691536356944e-02
1.917356327924700163e-02,-2.392378690660508164e-02
1.881418312485157521e-02,-2.385119709802564769e-02
1.912899318076288074e-02,-2.396284830813447814e-02
1.864002999304010047e-02,-2.358894843371893771e-02
1.879985467644976552e-02,-2.367698396112168785e-02
1.883541456976861247e-02,-2.373382574119430391e-02
1.891671816354138086e-02,-2.370917906041989862e-02
1.918885390004948857e-02,-2.390675641346142258e-02
nan,nan
1.886725438743135433e-02,-2.381767214140144764e-02
1.875391259312585157e-02,-2.353303793082078474e-02
1.866536272626289489e-02,-2.341057913890066955e-02
1.838826833182870615e-02,-2.338151054920838828e-02
1.815585399273062298e-02,-2.314280953414338607e-02
1.793849896739714567e-02,-2.310095286569709833e-02
1.837059442530892400e-02,-2.266505657140069352e-02
1.800954323121080336e-02,-2.279647011063531264e-02
1.780906936979981953e-02,-2.229317169044271046e-02
1.775351573427697005e-02,-2.217496081100692878e-02
1.742878395676496564e-02,-2.248661461646983897e-02
1.754782958650359312e-02,-2.254659614972764556e-02
1.747926603490203984e-02,-2.273008902073597390e-02
1.729908821205950256e-02,-2.216767542558073165e-02
1.740699411609961805e-02,-2.256121641164556338e-02
1.736390962318878212e-02,-2.242161066228438512e-02
1.765150902082511519e-02,-2.245488592135377187e-02
1.781620617588102959e-02,-2.254315600856715215e-02
1.776882331765218884e-02,-2.268324237952895964e-02
1.783128844637483709e-02,-2.310087976940946100e-02
1.797544199518429434e-02,-2.273484946784100000e-02
1.809795480052621419e-02,-2.265349119702010638e-02
1.804050191288728011e-02,-2.208854663605682583e-02
1.786873026612096141e-02,-2.224017091279810454e-02
1.787728237083690414e-02,-2.244191727791885332e-02
1.805732303826328156e-02,-2.213941505810471805e-02
1.816141980790688532e-02,-2.255135553315866168e-02
1.816876975757374460e-02,-2.234259842811706087e-02
1.802650082711077309e-02,-2.237116679223831450e-02
1.788804381605317573e-02,-2.237770251402388874e-02
1.786996123750368010e-02,-2.253422030591586619e-02
1.782810224994606577e-02,-2.264475783542002282e-02
1.762715118432488237e-02,-2.231006064909769881e-02
1.777842831595949011e-02,-2.257482061305117124e-02
1.774369914277956414e-02,-2.210096506821242202e-02
1.782113748662309330e-02,-2.272248564087264375e-02
1.776531009365354616e-02,-2.306980006436479963e-02
1.785368812525940305e-02,-2.243577098615344087e-02
1.797203023220661153e-02,-2.243865408747652140e-02
1.783884861472141703e-02,-2.222053696600383502e-02
1.778054639538796319e-02,-2.233112893432832868e-02
1.787747309780744059e-02,-2.229819258550987809e-02
1.791277865826359714e-02,-2.227722193751261251e-02
1.799231883502181578e-02,-2.241654799012617397e-02
1.756146133807420448e-02,-2.211494275656046560e-02
1.751976842876270396e-02,-2.206273898388900687e-02
1.755882349024078318e-02,-2.226738360969262448e-02
1.785160184777780448e-02,-2.200215589497946100e-02
1.781617723077294144e-02,-2.184524007461094430e-02
1.759978890063747248e-02,-2.194446982817385358e-02
1.751742443583337652e-02,-2.186741371403192261e-02
1.757540751978829696e-02,-2.174818645623309565e-02
1.752275170693274459e-02,-2.192965490876965309e-02
1.704917298214422491e-02,-2.146734204141985750e-02
1.748602658866318937e-02,-2.147653978517711365e-02
1.736009148286243517e-02,-2.125590363160970511e-02
1.724104055263369489e-02,-2.134365863404627181e-02
1.753601217605888635e-02,-2.182100492059419264e-02
1.742288613505975359e-02,-2.155439366010188790e-02
1.738998816245972481e-02,-2.166581596000883084e-02
1.727442582066197538e-02,-2.178588753520307314e-02
1.757598765751272260e-02,-2.188103052435979787e-02
1.731989136625395123e-02,-2.169641682065924851e-02
1.747179261824469143e-02,-2.172191922710593748e-02
1.739325187939744569e-02,-2.185984952867357778e-02
1.742037514524688580e-02,-2.165680431357593083e-02
1.757825571123512384e-02,-2.173375625477292142e-02
1.739837494692371422e-02,-2.153057198159688199e-02
1.755890274863983191e-02,-2.162547617995588117e-02
1.734090794135548924e-02,-2.161359339250473049e-02
1.724973525980163375e-02,-2.153198100962199629e-02
1.729969387757504182e-02,-2.162107290201607107e-02
1.706444580562090779e-02,-2.144959513091260206e-02
1.726037224604543702e-02,-2.166448900500060268e-02
1.704938624971163302e-02,-2.157560651188921916e-02
1.738495588876007303e-02,-2.172615194286499352e-02
1.705945335877137592e-02,-2.159256044257011967e-02
1.679971171522166851e-02,-2.153002865564753940e-02
1.711821580201309742e-02,-2.148798191898380200e-02
1.669177617775513892e-02,-2.124949695937833685e-02
1.700763629369154636e-02,-2.155949369547096109e-02
1.697248103643220901e-02,-2.119046962329570322e-02
1.721952781819529113e-02,-2.127177912563414652e-02
1.695285102093949114e-02,-2.133113494599132159e-02
1.668387651694660037e-02,-2.104438260049050838e-02
1.654512636462907374e-02,-2.098398651142671656e-02
1.676745409900049985e-02,-2.072756360429195768e-02
1.676485470348005463e-02,-2.085184486382645960e-02
1.630366653456812032e-02,-2.066352028865434814e-02
1.627199009351963307e-02,-2.060811780394013540e-02
1.614806469983250115e-02,-2.046717077915463992e-02
1.584232832991818232e-02,-2.039875327926599091e-02
1.617961736901254999e-02,-2.046321234540368281e-02
1.583753352105601864e-02,-2.026236048993206376e-02
1.612861500077777954e-02,-2.057847741981288711e-02
1.592555177879781403e-02,-2.023277956543282144e-02
1.590225540022995043e-02,-2.038578928185650826e-02
1.596983914086611001e-02,-2.022693026192569007e-02
1.613585902044732678e-02,-2.036070906862714330e-02
1.635462530204283282e-02,-2.053263181302635368e-02
1.626461296246150059e-02,-2.043223085412833318e-02
1.644398865603951057e-02,-2.083401219328585852e-02
1.623514010702259078e-02,-2.048483857432757682e-02
1.639032558528298947e-02,-2.078898103429623750e-02
1.632675385556452488e-02,-2.047405279412128562e-02
1.646172340715585172e-02,-2.076103379825312498e-02
1.644642941411055340e-02,-2.068555171091399775e-02
1.628032560372242449e-02,-2.039246038815255291e-02
1.644081095405744430e-02,-2.048679481265894622e-02
1.603209715566836918e-02,-2.026002308200163665e-02
1.623019419580095171e-02,-2.046286231294170907e-02
1.628245772444914669e-02,-2.044139447464072418e-02
1.640738306522315434e-02,-2.024915379089873430e-02
1.634386694128197107e-02,-2.032272320562901122e-02
1.599035030177445652e-02,-2.015630596339622674e-02
1.609905863910432097e-02,-2.049005535265053385e-02
1.607100108352762027e-02,-2.005737056530740303e-02
1.609282766677782792e-02,-2.003355808308064992e-02
1.616903714380436841e-02,-2.003210391586622910e-02
1.643135752885450246e-02,-2.022045639632712513e-02
1.638404772593221939e-02,-2.016280690050661559e-02
1.621820892344235862e-02,-1.999670960811794282e-02
1.644258467865926387e-02,-2.012625770593055863e-02
1.595503317703022075e-02,-1.967624206903411874e-02
1.620711913780745195e-02,-2.009658043140773523e-02
1.586622086058647046e-02,-1.985207613164049339e-02
1.630080506078189842e-02,-2.017285623569290559e-02
1.617423359652539819e-02,-2.019202337055227975e-02
1.610726414788983193e-02,-2.000225316862920197e-02
1.619010807401696783e-02,-2.021719439459262330e-02
1.610841465897314140e-02,-1.963332793692268777e-02
1.620226587789389688e-02,-1.984893237090857784e-02
1.570434455492601342e-02,-1.959389094286707531e-02
1.608762407608184050e-02,-1.967169053156792025e-02
1.645698330695471653e-02,-1.998073428218680170e-02
1.616035416032007496e-02,-1.981802138998658633e-02
1.616453333098951881e-02,-2.006296345098073503e-02
1.609332068184644859e-02,-1.974733402484921824e-02
1.609801615597847985e-02,-1.968245762172704180e-02
1.600666206982295781e-02,-1.929961087161324515e-02
1.606848046315295306e-02,-1.941525152459134401e-02
1.603350280530617747e-02,-1.949473345871630126e-02
1.608709853344191323e-02,-1.981320482023897142e-02
1.609911885175755245e-02,-1.981400537096424108e-02
1.603404786993699663e-02,-1.967213412737313372e-02
nan,nan
1.606423963843406702e-02,-1.943560617398817914e-02
1.598240812577754813e-02,-1.937181998529983323e-02
1.593123380131420200e-02,-1.914543436320615202e-02
1.594974084309971549e-02,-1.877213480828230155e-02
1.608348543907815384e-02,-1.917511990362523802e-02
1.596179377282189518e-02,-1.919332226938516572e-02
1.580772730516287125e-02,-1.910403649813206817e-02
1.565560846919858418e-02,-1.885558845392137223e-02
1.579305437234276507e-02,-1.943182366655128029e-02
1.553118760900878102e-02,-1.898679367209715405e-02
1.569076197250088983e-02,-1.904171421103913187e-02
1.556560534238153604e-02,-1.883295202844721683e-02
1.531684080153513164e-02,-1.864507997036544615e-02
1.560123025522706756e-02,-1.858960974983529107e-02
1.552567452807465144e-02,-1.841999226125349415e-02
1.556753260069903937e-02,-1.867792425672236412e-02
1.524805172417389651e-02,-1.834522967881493244e-02
1.533067899239151828e-02,-1.832726458613945925e-02
1.527610868881500161e-02,-1.863856958480522921e-02
1.520671952069345932e-02,-1.882429262540724277e-02
1.513103372536333570e-02,-1.852747983506674440e-02
1.489364442587410436e-02,-1.816403733768363546e-02
1.492343864400714516e-02,-1.817948896689285110e-02
1.460663354752743913e-02,-1.802806104924980363e-02
1.474604989202922024e-02,-1.821929576937115353e-02
1.451771971408553907e-02,-1.778575369203845222e-02
1.468981294536813968e-02,-1.798357996481926221e-02
1.465093881874405049e-02,-1.776354624848039757e-02
1.445075807619505825e-02,-1.761763208735371566e-02
1.448635522137691617e-02,-1.778907863826229355e-02
1.444377970542986590e-02,-1.778502627638585409e-02
1.480415574230815531e-02,-1.785361231403346377e-02
1.454026018742248828e-02,-1.739398145565426018e-02
1.458152409140116811e-02,-1.741768001783932165e-02
1.447663831479509798e-02,-1.732609566704971377e-02
1.459438198029999918e-02,-1.728553430214580314e-02
1.465448668007154377e-02,-1.746424334588874555e-02
1.470798315722174517e-02,-1.727085399965571852e-02
1.496866652176784447e-02,-1.732858249987535501e-02
1.498084968644271958e-02,-1.741265930248866306e-02
1.529786554971712849e-02,-1.762531262207938168e-02
1.494438810737393382e-02,-1.745986480497188284e-02
1.512607538960074327e-02,-1.797432131989661411e-02
1.498343337119828304e-02,-1.793256526010919560e-02
1.516373860449885501e-02,-1.770685713773346298e-02
1.517043430143492910e-02,-1.766926806682490511e-02
1.506342279921314697e-02,-1.730912166231504332e-02
1.521135812930297058e-02,-1.734724092777108900e-02
1.490564194083579368e-02,-1.700794640564030902e-02
1.524946672210571348e-02,-1.726319709299392949e-02
1.493258260550268425e-02,-1.734632502848699673e-02
1.464105160293464707e-02,-1.728395113467330602e-02
1.474420753981912219e-02,-1.714092637536916014e-02
1.449328191426709801e-02,-1.683924424661785782e-02
1.477644256166522896e-02,-1.706997777717007489e-02
1.451170440008234773e-02,-1.739985594014198736e-02
1.480323347137400478e-02,-1.774676275749626983e-02
1.463923837709526360e-02,-1.704514445255674027e-02
1.463899559864928306e-02,-1.693584758697148224e-02
1.438960344845252766e-02,-1.696280241851557888e-02
1.460278606279016150e-02,-1.677955730703606721e-02
1.460488198560062033e-02,-1.695226625117211144e-02
1.444594862999950061e-02,-1.656706751399051117e-02
1.440456498682830301e-02,-1.690651909697762911e-02
1.420218479433264791e-02,-1.642597230494724156e-02
1.444660190948621886e-02,-1.665820272734480981e-02
1.438125222243833053e-02,-1.652546016082306890e-02
1.439652400070434712e-02,-1.652545479337848289e-02
1.438012083600039882e-02,-1.675012827299768303e-02
1.435308925903950455e-02,-1.648103656544530268e-02
1.416333249682262541e-02,-1.685705549382314830e-02
1.426698325324576681e-02,-1.693540446782806214e-02
1.452892154823479630e-02,-1.710987171896827599e-02
1.423324600426455720e-02,-1.671101196940195932e-02
1.416897837570905636e-02,-1.667677851420431429e-02
1.409755396048463852e-02,-1.673813190493107089e-02
1.402464429889851288e-02,-1.649508119747817442e-02
1.407813220744045211e-02,-1.673670685464431068e-02
1.400011413327459549e-02,-1.637681671628912761e-02
1.402675376300526432e-02,-1.658419331270792260e-02
1.362538121684011595e-02,-1.635128627597040585e-02
1.365945466091929988e-02,-1.658990980861214243e-02
1.374837399981573491e-02,-1.648238944126897976e-02
1.366320075836105832e-02,-1.647258316474883508e-02
1.360540639459235229e-02,-1.638208656769481186e-02
1.352400557924973191e-02,-1.626260457001156221e-02
1.363032192353387691e-02,-1.628620309133918184e-02
1.334541365741489377e-02,-1.609284906045423472e-02
1.364804616797012093e-02,-1.640562376476643186e-02
1.324983120104092013e-02,-1.616522528579361281e-02
1.352138742638623464e-02,-1.623622137555996714e-02
1.338986420010915626e-02,-1.611456538851125525e-02
1.341469708136790520e-02,-1.610140692699334533e-02
1.344478747665434591e-02,-1.601215117716945843e-02
1.329308080511351457e-02,-1.623194479386055877e-02
1.340389258981548176e-02,-1.628492805580905242e-02
1.336728188962271573e-02,-1.604340073444850134e-02
1.332394226832123683e-02,-1.628192389833102091e-02
1.320167275981945325e-02,-1.601933930296581959e-02
1.316875909610302348e-02,-1.600707444661461989e-02
1.305535669759941633e-02,-1.586104226154315747e-02
1.316176105171128728e-02,-1.583210428615449902e-02
1.326982261821155716e-02,-1.622219417110128820e-02
1.295161233407893762e-02,-1.587949688179320779e-02
1.300262742039083597e-02,-1.600096149442067905e-02
1.286969446749799441e-02,-1.565905362960650152e-02
1.280856911175388968e-02,-1.574822093058691683e-02
1.250530914613626893e-02,-1.546446284079485735e-02
1.241036082198409413e-02,-1.558427165865282002e-02
1.240483178185998112e-02,-1.549968739452371735e-02
1.218867967336730203e-02,-1.552395477940446585e-02
1.202516562926321704e-02,-1.560723485347722921e-02
1.189789998432973922e-02,-1.552874097701922688e-02
1.203539798183186384e-02,-1.562112537673398041e-02
1.176168249328460140e-02,-1.537049367678181531e-02
1.212636811070685189e-02,-1.556532635628524348e-02
1.195829098898117983e-02,-1.526269204707179916e-02
1.192897255028744878e-02,-1.549125234189066905e-02
1.199254717492072297e-02,-1.566362207122773756e-02
1.225801608428618225e-02,-1.568061148870239507e-02
1.241968073631868202e-02,-1.576481041826685581e-02
1.227317709365586401e-02,-1.574789484860072281e-02
1.258560920278000567e-02,-1.586309700701725445e-02
1.240480914841397830e-02,-1.557221841600038049e-02
1.246633333134155100e-02,-1.563945366538355836e-02
1.245492618658534251e-02,-1.561622424285671190e-02
1.226084544723800990e-02,-1.581513414742222873e-02
1.238435597861896331e-02,-1.573199066972521404e-02
1.239893171147971734e-02,-1.549838759115458597e-02
1.248237137863899074e-02,-1.554131053684918579e-02
1.238493831698857413e-02,-1.546303666691715810e-02
1.205670176066535662e-02,-1.560542297739118088e-02
1.211389678827452972e-02,-1.554739881180580534e-02
1.247313105881643625e-02,-1.569189696362223094e-02
1.201281748808366752e-02,-1.557024599554861742e-02
1.221111845730567594e-02,-1.554962236328838975e-02
1.183175926739766549e-02,-1.558687900527909106e-02
1.201669189913911508e-02,-1.540032901299910086e-02
1.202957045958179955e-02,-1.526462175798668983e-02
1.214345008598877174e-02,-1.539595514397821066e-02
1.195060554519146445e-02,-1.533447034916965608e-02
1.192770390394946867e-02,-1.534907431734876260e-02
1.208522111967534271e-02,-1.547276416118029477e-02
1.190580423065807671e-02,-1.504761095201838199e-02
1.210432831561569951e-02,-1.507225294818487389e-02
nan,nan
1.192338969271521977e-02,-1.487294477183006593e-02
1.207945889517980653e-02,-1.487576815160518255e-02
1.180233556201425518e-02,-1.496013901185193860e-02
1.190956181233633268e-02,-1.511415873347055593e-02
1.176771389842227664e-02,-1.541515241657836176e-02
1.207424546581635505e-02,-1.567522656734221184e-02
1.192925418517702500e-02,-1.473881677622074921e-02
1.209672473158255115e-02,-1.475893981583358688e-02
1.180318333606400309e-02,-1.466162534778931402e-02
1.182875146141915135e-02,-1.471253638680414776e-02
1.161187793823350613e-02,-1.474634991829335169e-02
1.148329793887625620e-02,-1.483419995729843080e-02
1.147741203905577705e-02,-1.518257879312617797e-02
1.160940779490484201e-02,-1.524768138109558122e-02
1.189197976284185783e-02,-1.529933249834235925e-02
1.142909142216069936e-02,-1.478145355222589170e-02
1.159009653317486302e-02,-1.485058857999376793e-02
1.137389334363808797e-02,-1.436221229694906870e-02
1.153141984707745787e-02,-1.450781975019132392e-02
1.139480404694306372e-02,-1.441676477552677506e-02
1.125488733382890190e-02,-1.418492606138586909e-02
1.134244493931943140e-02,-1.453595561289259055e-02
1.130352963989172434e-02,-1.479105343169840638e-02
1.174801578366388953e-02,-1.481708428913076567e-02
1.143746938353918351e-02,-1.407949913139128033e-02
1.164707654551308882e-02,-1.404901208159891300e-02
1.155718954388644873e-02,-1.378655950146159999e-02
1.157313541663073340e-02,-1.404132119538430146e-02
1.139353850141212356e-02,-1.387600273341083740e-02
1.147579933074654307e-02,-1.367589508923538859e-02
1.141268599795858436e-02,-1.353295584957754649e-02
1.130930453700157955e-02,-1.397469087884404063e-02
1.131535528578451154e-02,-1.430892641098658290e-02
1.129150633380296247e-02,-1.386195049342349092e-02
1.148041792769029582e-02,-1.399486109778101325e-02
1.115756174450709647e-02,-1.365161254640043058e-02
1.133634324114401841e-02,-1.348532959888314176e-02
1.113277580346216933e-02,-1.310280710505321543e-02
1.123354690053899284e-02,-1.320444490608286420e-02
1.106889377674742138e-02,-1.322221655713043051e-02
1.110903013918421861e-02,-1.334544479426809024e-02
1.100984830452472578e-02,-1.366093603555745134e-02
1.070450333793184286e-02,-1.382433568883999209e-02
1.073159948671384249e-02,-1.343816199284264719e-02
1.069037307373981588e-02,-1.275406795137306974e-02
1.072558201192553608e-02,-1.262713641937827924e-02
1.042903475350263204e-02,-1.248016792759766569e-02
1.063081511936527293e-02,-1.276676440974837054e-02
1.041363916611969323e-02,-1.236614676360341981e-02
1.027760477068838905e-02,-1.240713110288546236e-02
1.041411982641406511e-02,-1.242512333253400526e-02
1.045792567428913654e-02,-1.230736271637209410e-02
1.058539015489239413e-02,-1.296777298436687688e-02
1.047418240111448219e-02,-1.245259625433934453e-02
1.064206765923117297e-02,-1.258345157734053026e-02
1.047322312325319263e-02,-1.230237120211689732e-02
1.068020511121431371e-02,-1.261388729003683207e-02
1.060705105773307282e-02,-1.241753445487464406e-02
1.088584973007592285e-02,-1.233582161902811378e-02
1.093338440036109756e-02,-1.214321729186803971e-02
1.105240472227364025e-02,-1.216805929372957035e-02
1.094262348040043152e-02,-1.226997337704019940e-02
1.090895966634102335e-02,-1.219673938377694410e-02
1.118761917722723223e-02,-1.285673775235352152e-02
1.106454154818400232e-02,-1.257795644376179592e-02
1.099824619810901155e-02,-1.265550245882445315e-02
1.082123732456139950e-02,-1.225384630812143515e-02
1.097414891355145278e-02,-1.237752653567184176e-02
1.075822518764825431e-02,-1.204970074968096660e-02
1.077011369174626226e-02,-1.203048113876623547e-02
1.067296980631247082e-02,-1.182826263761782744e-02
1.058058101954412362e-02,-1.190421788137170818e-02
1.069543803095307326e-02,-1.207383293848450327e-02
1.065751346471670129e-02,-1.177638566425096359e-02
1.081605583018700051e-02,-1.177436500812071088e-02
1.051174942713404767e-02,-1.201238278467930444e-02
1.070857936362252377e-02,-1.251552152617283961e-02
1.079883569964500481e-02,-1.181417147298268258e-02
1.092896674196581347e-02,-1.181425518303203144e-02
1.047120371124850985e-02,-1.165515556783421058e-02
1.083684542128322305e-02,-1.183681330655639817e-02
1.055851273386597400e-02,-1.159350402018960446e-02
1.048131243341717846e-02,-1.178302289996648738e-02
1.054805337717170527e-02,-1.142634507848104206e-02
1.063947154431684264e-02,-1.135334938784063677e-02
1.035907581800499765e-02,-1.133975408474366051e-02
1.056706589307081570e-02,-1.135442079946461132e-02
1.057623023840817064e-02,-1.138978435933201729e-02
1.042686057871083059e-02,-1.129395911219620297e-02
1.040667946520165872e-02,-1.138929569932025689e-02
1.026864473068773639e-02,-1.098941182456324508e-02
1.027550232082157650e-02,-1.177499954465502895e-02
1.026983111571807411e-02,-1.147028598000557689e-02
1.028770959463570257e-02,-1.142743473074426565e-02
1.022739445331327136e-02,-1.135478847410003635e-02
1.009021506449760824e-02,-1.119643492710594747e-02
1.006533090477334212e-02,-1.129349441731346097e-02
9.942839694370196948e-03,-1.105144089324588789e-02
1.017011098398962893e-02,-1.102503076486385097e-02
9.839530426841512634e-03,-1.088896181697782475e-02
9.864405408984325274e-03,-1.111134276783038756e-02
9.724662780356128911e-03,-1.068854506671914652e-02
9.926805189699617477e-03,-1.093052018617101523e-02
9.700026439591181646e-03,-1.061769238644777458e-02
9.758110416457395006e-03,-1.080711644087003695e-02
9.590509088409526761e-03,-1.060202170753948327e-02
9.526360046960828665e-03,-1.073817165446839736e-02
9.471913187496372802e-03,-1.058736693144154799e-02
9.472930963810187108e-03,-1.041748828323623734e-02
9.635632368727236122e-03,-1.052872515492024597e-02
9.444980565011324575e-03,-1.032035450109004306e-02
9.406694747175812707e-03,-1.068848625558495649e-02
9.284474423400451010e-03,-1.050548550980293615e-02
9.262428084934614531e-03,-1.068696662086651185e-02
9.057402138095837704e-03,-1.040167834872341400e-02
9.400181291225752356e-03,-1.044141087963684593e-02
9.030488818571843698e-03,-1.024366878072360300e-02
9.254617740653739433e-03,-1.032932051454424176e-02
9.059115537500755239e-03,-1.031056058839777481e-02
9.197134351077185591e-03,-1.041915959657759710e-02
8.845779888643578656e-03,-1.030770981074174454e-02
9.024428900779138049e-03,-1.013787453650334160e-02
8.826890198069297505e-03,-1.017795984683151841e-02
8.832605806217837599e-03,-9.953791493706972901e-03
8.837650276077933797e-03,-1.020508730230115964e-02
8.691382459049972614e-03,-1.000606409708321327e-02
8.423586608389543873e-03,-1.010754609902628741e-02
8.296829950837419573e-03,-9.879806892183942701e-03
8.303873071903474304e-03,-9.894239423571102657e-03
7.822302966538925012e-03,-9.671667238027583866e-03
8.084288811880540465e-03,-9.895674833570592896e-03
7.749123252697755204e-03,-9.518618817671268759e-03
7.935241225851515437e-03,-9.523357704086443318e-03
7.889770192713960184e-03,-9.692726892807916605e-03
7.855838130653807622e-03,-9.482056745703763487e-03
7.835999996583815214e-03,-9.662067381567518778e-03
7.832823705067036915e-03,-9.409404653658264353e-03
8.093680473602583164e-03,-9.544627444807052274e-03
7.920451773225426623e-03,-9.417213188509448302e-03
8.317344852553658699e-03,-9.820872858866682223e-03
8.145681271498556378e-03,-9.753423709365960717e-03
8.547675635985470255e-03,-9.822004741891971966e-03
8.225230961998749799e-03,-9.469404706612883499e-03
8.454352668670473206e-03,-9.745997188625897187e-03
8.429140220973529302e-03,-9.482527138103671871e-03
nan,nan
8.406102943729558408e-03,-9.561536030372359829e-03
8.275502894339582111e-03,-9.570248666429890388e-03
8.273203761543772294e-03,-9.849328948273790296e-03
8.114003586964058795e-03,-1.003899802861488513e-02
8.290762121583016356e-03,-1.000048363806130963e-02
8.001561286384847177e-03,-9.716767350603118872e-03
7.959794851114839268e-03,-9.767190359106897243e-03
7.743174650422384592e-03,-9.357660980839128950e-03
7.690082720039472484e-03,-9.478910647657925667e-03
7.426777615577892337e-03,-9.254356738489580292e-03
7.552121290031699359e-03,-9.553127881144292746e-03
7.584223294717361806e-03,-9.900733833411950666e-03
7.819696959575224079e-03,-9.680045638505408237e-03
7.697052993351212284e-03,-9.339471657510391850e-03
7.574778920147065206e-03,-9.207187607825226272e-03
7.735025420698974329e-03,-9.065498607989920521e-03
7.585695763972035745e-03,-8.915223640062107380e-03
7.375960922434223604e-03,-9.075562293024683203e-03
7.048206886748612475e-03,-9.062084485454889593e-03
7.421530962303552782e-03,-9.604546858423554725e-03
7.267268758220935161e-03,-9.332118149071344168e-03
7.443428844818133182e-03,-9.201576401191596810e-03
7.302776313187859733e-03,-8.761650978356891328e-03
7.387997245633068019e-03,-8.941947566933908242e-03
7.069872230809665266e-03,-8.640486120719041707e-03
7.131298218543965367e-03,-8.798758611067693247e-03
7.285519817450272252e-03,-8.708883379150879692e-03
7.335846280123344693e-03,-9.042656735274193572e-03
7.350179683475586111e-03,-9.156899541283116881e-03
6.961763769702251740e-03,-8.572317356168703342e-03
7.358248821037054709e-03,-8.545503068409066039e-03
7.024995385627623608e-03,-8.266349438951207940e-03
7.207372444646308572e-03,-8.495521702779777751e-03
6.988549971288454329e-03,-8.279926692841775224e-03
7.055540235799752889e-03,-8.376238774328116643e-03
6.942786643209690640e-03,-8.325905535693166673e-03
7.175709152016467723e-03,-8.905626012767555930e-03
7.040482104172208003e-03,-8.397168661186388619e-03
7.175136776052648720e-03,-8.467323987451367759e-03
6.848076816058474951e-03,-8.172848648767713081e-03
6.898894731036478781e-03,-8.177697007866009324e-03
7.113859855860537110e-03,-7.860991834312869991e-03
6.795389117989436567e-03,-7.908251110126426897e-03
6.661052186412855410e-03,-7.676726628145522612e-03
6.862695467453969883e-03,-7.873734005956421408e-03
6.772069443795971679e-03,-8.324994783781836799e-03
6.720776341872652070e-03,-8.139245788721532343e-03
6.849661163927690810e-03,-7.970814329980280624e-03
6.506423953577629947e-03,-7.692033079166324568e-03
6.581195280034880454e-03,-7.740305134124658704e-03
6.693176024196383078e-03,-7.569590117411456598e-03
6.852847426228271012e-03,-7.568261291929662474e-03
6.709779604235534788e-03,-7.187176787559510643e-03
6.625575599786511991e-03,-7.522449667403107235e-03
6.446435132791670380e-03,-7.678267148080013434e-03
6.830125388494526738e-03,-7.940504574622569284e-03
6.588168992187423516e-03,-7.319955937143221916e-03
6.445944801527023031e-03,-7.358953021841887349e-03
6.667592764834730235e-03,-7.187899216276527267e-03
6.661148918173258326e-03,-7.063861506603502476e-03
6.617858190555759440e-03,-6.719819351983209212e-03
6.381307992350180452e-03,-6.570318770534853275e-03
6.378135380656271315e-03,-6.550991814030260665e-03
6.075388398435906806e-03,-6.474683938929096973e-03
6.248175079813902792e-03,-7.336587147059342451e-03
5.992076062030326014e-03,-6.982341865141001788e-03
6.070582679783925045e-03,-6.911749383080408558e-03
6.031013854853523037e-03,-6.217653896467980647e-03
5.877401483923416076e-03,-6.375184390649796251e-03
5.547051002528975185e-03,-5.939212373434029496e-03
5.950027221741172392e-03,-5.981095905485146573e-03
5.700668989196236089e-03,-5.854740920739411568e-03
5.711422022462040761e-03,-5.932602229494907814e-03
5.333140916638823975e-03,-5.868564910296829827e-03
5.810593022050083295e-03,-6.091714148807904176e-03
5.960792917895740665e-03,-6.331067729927320961e-03
6.070983104677821381e-03,-6.232687748953806735e-03
6.156956152724486590e-03,-6.140519330137044103e-03
6.126053972803933989e-03,-6.205534520930173527e-03
6.317177119071917465e-03,-6.422864037564749405e-03
5.932362022969831818e-03,-6.161345640184301767e-03
6.028201258998235577e-03,-6.303057325082905837e-03
5.999543574292618212e-03,-5.815419688479108416e-03
6.016213452702610931e-03,-5.898869617303670147e-03
5.855548428599135699e-03,-5.649778268741241331e-03
6.222691860697162659e-03,-5.878719203761925867e-03
6.111587475289690340e-03,-6.226968622797293164e-03
6.063064839075787971e-03,-6.592613144084720489e-03
5.787019138227948202e-03,-5.986678939784955203e-03
5.924586110417355729e-03,-5.915711036172483124e-03
5.839466454985746749e-03,-5.767451130514688294e-03
6.202890459164202286e-03,-5.817332235390239130e-03
5.968491415996106733e-03,-5.654174641924316312e-03
5.881477583603347478e-03,-5.596375702805609503e-03
5.945961795481668859e-03,-5.468376417167900537e-03
5.777674698203584362e-03,-5.321769617679661390e-03
5.915165464873878114e-03,-5.341092176519678623e-03
5.680414755445565428e-03,-5.315039308952485692e-03
5.814277831691905089e-03,-5.491589716339165782e-03
5.753899148451179120e-03,-5.183381111313425417e-03
5.744076841797808412e-03,-5.683303743029419902e-03
5.730820528858267260e-03,-5.781816211436905696e-03
5.715987672778966716e-03,-5.493572645773676238e-03
5.361025924171315162e-03,-5.296799206846246333e-03
5.377929071303248071e-03,-5.301000443601771792e-03
5.304156307370192641e-03,-5.003258891892789668e-03
5.535170225431630675e-03,-5.152813408363865304e-03
5.491129105046481905e-03,-4.910348545960106260e-03
5.653593897785746947e-03,-5.115968485110755637e-03
5.154426754061997018e-03,-4.920097399516792057e-03
5.154923431800129997e-03,-5.083945362817136014e-03
5.441296299850580977e-03,-4.796249629802102656e-03
5.293408738993598400e-03,-4.851247948956485812e-03
5.251260738659741661e-03,-4.614650618109994266e-03
5.023293131342072490e-03,-4.361120937126157504e-03
4.809668676416497049e-03,-4.423349075563421003e-03
4.801255577784446088e-03,-4.347945309947981105e-03
4.795127644515244716e-03,-4.382646795992119898e-03
4.436591693550711799e-03,-4.271500322821508364e-03
4.720886388757369705e-03,-4.402475352476323614e-03
4.300343312648479029e-03,-4.179083420641465339e-03
4.775244985245319027e-03,-4.238344379227232742e-03
4.406737189755056266e-03,-3.856821158397709306e-03
4.407431241009378102e-03,-4.229769891807914385e-03
4.284511727560954587e-03,-3.989359650834626257e-03
4.361253028757639330e-03,-4.243656502590180575e-03
4.302317644525648077e-03,-3.945839700111745084e-03
4.400997943104039550e-03,-4.116869264007650374e-03
4.094073737198861140e-03,-3.946522158616488050e-03
4.308440779927385882e-03,-3.990814308547305407e-03
4.190702555237139394e-03,-4.053812193073587887e-03
3.922292560125651556e-03,-4.024876594420303925e-03
3.919316236170797274e-03,-3.717122424243313010e-03
3.982254575181887538e-03,-3.883141499355539233e-03
3.987576336410175379e-03,-3.838847861278529231e-03
3.945517255928259436e-03,-3.659617359065475695e-03
4.393403407816014183e-03,-3.692113170195794429e-03
3.847742732841838344e-03,-3.783446995591876940e-03
3.747558215605334593e-03,-3.829213670316329501e-03
3.814276988358457268e-03,-3.733509699270646034e-03
4.006382595644511317e-03,-4.103059606362238244e-03
3.872223424333383693e-03,-3.768280526301593172e-03
3.919516994931517007e-03,-3.795503916278466713e-03
3.912713420105113846e-03,-3.777851704338345065e-03
3.828231035287237190e-03,-3.582200197172155133e-03
nan,nan
3.342596849929964711e-03,-3.413445322046034999e-03
3.016934639122862902e-03,-3.498648774394862507e-03
3.413095650667562035e-03,-4.072331989794948474e-03
3.075239770673419623e-03,-3.949711137019884868e-03
3.172155859495297704e-03,-3.518092304347546304e-03
3.045013929977427158e-03,-3.223479644606194391e-03
3.357831121468847924e-03,-3.490278501342010311e-03
3.064596960325643386e-03,-2.936463006607131776e-03
2.840192414114196557e-03,-3.465198638018571631e-03
2.745181688742276936e-03,-3.467144411375883140e-03
3.008543970341884342e-03,-3.621547965703426214e-03
3.044368671841832588e-03,-3.503236160192156265e-03
2.880589831357364700e-03,-3.324148725622457813e-03
2.871000618174196582e-03,-3.256989199203169216e-03
3.177273607035241507e-03,-3.230668454482735642e-03
3.115160853298907292e-03,-3.490015928305967210e-03
3.089309292660119381e-03,-3.588460619980982699e-03
3.181254375890390975e-03,-3.858017845426870047e-03
2.875864840689329894e-03,-3.519862712150519882e-03
2.776759901220698500e-03,-3.408389513086969996e-03
2.813476680962876449e-03,-3.240526121911688293e-03
2.795357088491770385e-03,-3.237587758738921188e-03
2.656813077295214556e-03,-2.941537947126579566e-03
3.014254509203889622e-03,-3.492879571980448197e-03
2.777404490249182206e-03,-3.543577258646935478e-03
2.865960648684162237e-03,-3.491899512917001538e-03
2.291424012393097204e-03,-3.014529054197469162e-03
2.401771172252628855e-03,-3.063396788211952652e-03
2.512687887418647674e-03,-2.840020986263921618e-03
2.408902000297514709e-03,-2.778061825605725350e-03
2.322217272711460303e-03,-3.118687770653235866e-03
2.513747359456500793e-03,-3.430673247694740122e-03
2.061714150647995895e-03,-3.059481706281565096e-03
2.260184926675756680e-03,-2.891023947387434938e-03
2.186742790720167060e-03,-2.526624804604296268e-03
2.223963849769617761e-03,-2.673949063676555465e-03
2.037323984745596870e-03,-2.291548180614273560e-03
2.249328026335001979e-03,-2.430115802195226098e-03
2.118556488993005547e-03,-2.798099748098559301e-03
2.328798633092995108e-03,-3.082188847698835200e-03
2.187464791612427160e-03,-2.658904274152863300e-03
2.142845350852972536e-03,-2.498865035596478743e-03
2.068178025681925280e-03,-2.550064983827016272e-03
1.995980620584343959e-03,-2.218839423202401302e-03
1.964201679434873435e-03,-2.166050477472332165e-03
1.721767374013984195e-03,-2.274265842754732026e-03
1.877891790683312682e-03,-2.612008064894801203e-03
1.910974726451980998e-03,-2.545357548917847202e-03
1.658838055981153243e-03,-2.302456050423911174e-03
1.377832367333273016e-03,-1.891117007792494399e-03
1.392251097319878233e-03,-2.109581072934631988e-03
1.512207110815762820e-03,-1.729228164901432324e-03
1.463625932531662215e-03,-1.624937565035347413e-03
1.412402781546458295e-03,-1.740097524977129821e-03
1.485870095716196066e-03,-2.400539594866592328e-03
1.336163696956006166e-03,-2.174178493859114762e-03
1.341707792483189674e-03,-2.082571574011937016e-03
1.385372109421499805e-03,-1.815006822849503029e-03
1.476287996634385001e-03,-1.972619046663210297e-03
1.421437248725062686e-03,-1.478968329896423106e-03
1.301429649844401378e-03,-1.340312001509352292e-03
1.158386856826420543e-03,-1.434337753488184545e-03
1.466718209619858031e-03,-1.884697138428311197e-03
1.381414682518269195e-03,-2.029024992460959267e-03
1.421851897007163877e-03,-1.477332929885585020e-03
9.869512900029086405e-04,-9.910456122054676041e-04
1.191490381716002684e-03,-1.214199797569344126e-03
1.119166817366408495e-03,-9.925447441591272665e-04
1.214561177646505214e-03,-1.110146967386694845e-03
1.102062240502137309e-03,-1.037820989963654733e-03
1.141982795757758018e-03,-1.494036445738376566e-03
1.169561454867536817e-03,-1.627277610485500150e-03
1.401107143021770385e-03,-1.407286720683316190e-03
8.878043771562757870e-04,-8.701883188077724285e-04
8.941624897851388736e-04,-9.507373340826469647e-04
6.900889327334955260e-04,-8.119225151916749893e-04
nan,nan
7.343375368980023478e-04,-6.625044122718807627e-04
4.820760237072521551e-04,-4.682854881842420341e-04
7.210438115934412031e-04,-1.194264375218697695e-03
3.686153617373930037e-04,-1.103523422481755226e-03
5.635225268306126665e-04,-7.530205190374898239e-04
4.517881405298146240e-04,-6.754042378623196846e-04
4.949003507028318415e-04,-5.523329341810787356e-04
-8.287373165644707537e-05,-6.463950075836416619e-05
-7.152156207137466801e-05,-3.596307556475223082e-04
-3.142418268363614113e-04,7.536092237872119611e-05
-2.351161147419075748e-04,-1.672158077898519535e-04
-3.769814437860374606e-04,-2.734512287111489997e-04
-1.430255459764467891e-05,-5.579969352323979831e-04
-6.486988022534612153e-05,-4.864159548327737036e-05
-3.710951061111994139e-05,4.379766730554984831e-05
-4.080474060826011712e-04,3.448582147711824709e-04
-3.217216735653821453e-04,2.696217061096830929e-04
-6.399432881122824263e-04,5.506456070964756274e-04
-8.237872927989775876e-05,4.924640572932542404e-05
-3.258963878467721663e-04,6.142001217656587212e-04
-5.962760011449075141e-05,1.915932162115525884e-04
-1.112912839032964498e-04,1.339478293993628933e-04
-3.105755131053572753e-05,3.403990460844621925e-05
-4.404091815590385870e-04,5.248985599127920084e-04
-1.762460400165885598e-04,3.321153359891719373e-04
-2.975311350984680245e-04,3.864283913802571630e-04
-2.295333817597056274e-05,3.018050535651586983e-04
-2.096072409617735657e-04,6.043123270615234502e-04
-2.538503783592829951e-04,7.039009489532544427e-04
-4.634449375974980436e-04,9.097791705557871497e-04
-5.647694667563068766e-05,6.399630335422983995e-04
-2.467038031420357050e-04,4.966693091418255667e-04
-4.523742700343530350e-05,-2.295760439324764910e-05
-2.111362088706603027e-04,6.519593194830352115e-04
-2.226506522990739857e-04,5.141007453739375671e-04
-4.813730856251416347e-04,1.039078123571823050e-03
-4.721314506792176151e-04,7.007860682787361893e-04
-1.637456267811818319e-04,1.036371232611109534e-03
-1.526699594498412426e-04,7.034322655149239951e-04
-6.881845614932710371e-04,9.947168547469126612e-04
7.691522420228303226e-05,9.349444692819480979e-04
-1.548390762858750636e-04,1.105119570117935176e-03
-3.113877611890408814e-04,1.346913798423947546e-03
-5.631614522637423638e-04,1.281414266875271265e-03
-2.601498508439231954e-04,7.933556632442223836e-04
-5.438968544169020146e-04,8.657556179561082211e-04
-2.260684918030653179e-04,9.632276565718536198e-04
-4.205715170251345201e-04,1.249651803337021097e-03
-1.948553234149130861e-04,1.076885918468920792e-03
-3.582074463490839220e-04,1.190095151160315773e-03
-4.443497218846201389e-04,1.451454611389481168e-03
-7.315819443225307899e-04,1.684019479518640214e-03
-6.745069651283308338e-04,1.652347348030086061e-03
-1.103373400510696814e-03,1.855981732330240540e-03
-1.000558322274373337e-03,1.771950629534547106e-03
-1.005115612329169142e-03,1.788073733674479726e-03
-1.376482791550920348e-03,2.080243621567547281e-03
-8.792606117939793901e-04,1.866342592243932499e-03
-8.724155672823519269e-04,1.977447970412040019e-03
-1.097530183085185240e-03,1.795224314272091636e-03
-1.036126547802081101e-03,1.521978768056927523e-03
-8.900739558420206737e-04,1.543966486594931147e-03
-1.049030428660344691e-03,1.806626488154912087e-03
-1.298159783965558388e-03,1.914138701501057020e-03
-1.223962646122301809e-03,1.905332722567030330e-03
-1.182189658231853078e-03,2.001398203118591543e-03
-1.114853288723369282e-03,2.135725270473138888e-03
-1.188983865302021018e-03,2.207923860640045866e-03
nan,nan
-1.437422331996272102e-03,2.306324795845719842e-03
-1.597121783571215682e-03,2.281402372734594574e-03
-1.404984426214743150e-03,1.904286153611232067e-03
-1.654885933020946130e-03,2.027030613565839173e-03
-1.290491262001700664e-03,2.245743889087108321e-03
-1.254272904634685590e-03,2.332158221628868010e-03
-1.364427603460969000e-03,2.383398683639702687e-03
-1.424007584621602351e-03,2.784246038650614596e-03
-1.100366342090393530e-03,2.205677671491183909e-03
-1.275778704965374686e-03,1.970704712315386568e-03
-1.181536636290329845e-03,1.752413164388289197e-03
-1.591122781206325042e-03,2.538182421736902717e-03
-1.528914312162369879e-03,2.538988612981908557e-03
-1.533993161719082125e-03,2.730206159286657861e-03
-1.518854000440486227e-03,2.793503189659348688e-03
-1.917081294984076829e-03,2.813369313182097035e-03
-1.681749398130384741e-03,2.263146367294387347e-03
-1.547815490990314072e-03,2.578515225468688398e-03
-2.146426472552620188e-03,3.291420941202410910e-03
-2.255675829641506057e-03,3.666488117814002776e-03
-2.235230428711969513e-03,3.565020736321065226e-03
-2.644160321433241135e-03,3.877797301119978012e-03
-2.418823250891661246e-03,3.238974644684023546e-03
-2.407897166925622619e-03,3.165590618535553749e-03
-2.563581350857187593e-03,3.237022915104348190e-03
-2.563309117582120850e-03,3.569317066779388245e-03
-2.378615644443591963e-03,3.564075862304178898e-03
-2.610605348568069591e-03,3.932386178938593498e-03
-2.422433204785821425e-03,3.723585811536289734e-03
-2.691808660961455667e-03,3.569390032727869436e-03
-2.380550425866359045e-03,3.300946301491828379e-03
-2.647926755715299466e-03,3.579465762376317015e-03
-2.469131664294671197e-03,3.673261355423606926e-03
-2.645018607151822590e-03,4.163387729407103457e-03
-2.463405825665820111e-03,3.722085761971384403e-03
-2.426134091632262037e-03,3.974624204303544087e-03
-2.272948686114709214e-03,3.411783050256004049e-03
-2.477802881642642441e-03,3.710494393855276463e-03
-2.293428759874886671e-03,3.574945389258639156e-03
-2.780261737405030718e-03,4.342070698409574922e-03
-2.605135004602854732e-03,4.036631132033051753e-03
-2.661942818732940860e-03,4.219338980960722803e-03
-2.730282795801605277e-03,4.109762591160094278e-03
-2.800333080771521752e-03,4.104588650904839736e-03
-2.571539914918021408e-03,4.000799924612176081e-03
-2.927907353678105458e-03,4.245882572524366759e-03
-3.025246311722104391e-03,4.435050525442840556e-03
-3.047192202449465395e-03,4.504371663305912869e-03
-3.183626516255590524e-03,4.641494572268748363e-03
-3.324931171031537611e-03,4.971018475431777939e-03
-2.905498640429071168e-03,4.492139373888402905e-03
-3.094665731905653187e-03,4.595010616831734195e-03
-2.805378564678137013e-03,4.453196470924118688e-03
-3.423835830190632458e-03,4.923534392794168962e-03
-3.178648480575827894e-03,4.886235433016626085e-03
-3.331882918658847330e-03,4.936754788717873793e-03
-3.333879277733780514e-03,4.772002886749886208e-03
-3.656606725327455829e-03,5.315248168755710642e-03
-3.574529705419832691e-03,4.888374165780995720e-03
-3.500541961560366296e-03,4.738058503498006162e-03
-3.376586294831485612e-03,4.885471900054131657e-03
-3.552517766056784675e-03,5.135864729973258457e-03
-3.527650434881972677e-03,4.939576363415127194e-03
-3.768988345378041296e-03,5.058130780422264230e-03
-3.798209029404874242e-03,5.212149515818117508e-03
-4.094508245617509146e-03,5.218511929888179808e-03
-3.986565079865576032e-03,4.890009437923839401e-03
-4.034392730578421037e-03,4.828233429532436012e-03
-4.139373525911404714e-03,5.256754054311882016e-03
-4.404276282157743722e-03,5.372365828060640496e-03
-4.209160109918772853e-03,5.515647938267555922e-03
-4.324264764328391783e-03,5.487759417116269516e-03
-4.247973847851054495e-03,5.590588474761158840e-03
-4.330487112230915585e-03,5.350351343503862225e-03
-4.109554920022379966e-03,4.983840759688471650e-03
-4.086757505317834341e-03,5.152970712809858654e-03
-4.285603137112501716e-03,5.444812908087443178e-03
-4.075845919132219802e-03,5.358671659300334560e-03
-4.496139512716657884e-03,5.421818919269417655e-03
-4.571392788765408534e-03,5.706873055834417278e-03
-4.460108341780997555e-03,5.558682035311967445e-03
-4.350992114475834768e-03,5.463421668420818250e-03
-4.485360265853572531e-03,5.426320974790634598e-03
-4.372925586732379424e-03,5.763909077662169450e-03
-4.592557289506095895e-03,5.701742831978242471e-03
-4.797833738003939689e-03,5.828101555449488949e-03
-4.798042610745502541e-03,5.906744864042363929e-03
-4.908607476688823558e-03,5.921019495954512289e-03
-4.944613592149582453e-03,6.145521332027693677e-03
-4.871209233623617456e-03,5.897267498554476656e-03
-4.917278876005635839e-03,5.800465456616159254e-03
-4.878545206074643217e-03,5.942811551313906954e-03
-4.767964070315896738e-03,6.058782020335233033e-03
-4.766624705024770890e-03,5.993025578475200815e-03
-5.064688856849609844e-03,6.301053067386314446e-03
-5.158662365055204438e-03,6.455675502973887495e-03
-5.397417985624115150e-03,6.592177850479037302e-03
-5.236688783545685559e-03,6.651463596390872271e-03
-5.290847851053779097e-03,6.433865307359343255e-03
-5.312515499518546611e-03,6.167435617039881621e-03
-5.338848816937537788e-03,6.538414860553810708e-03
-5.648054236862353958e-03,6.480788189059919109e-03
-5.788860376802481417e-03,6.999199650496302876e-03
-5.784496670230487511e-03,6.839025840974920223e-03
-5.963896096517378939e-03,7.358777915750064694e-03
-5.728499381251549172e-03,7.089477171571332073e-03
-6.022523036881519652e-03,7.361462223228353377e-03
-5.885434427808144096e-03,7.196457413182081285e-03
-6.286475037138080507e-03,6.919641414801954750e-03
-6.140652652826223551e-03,6.891521517330038461e-03
-6.117459144733974376e-03,7.358385977900390278e-03
-5.906696719144902824e-03,7.221325465439965008e-03
-6.005506281784107198e-03,7.469643449269234431e-03
-5.989113645276350484e-03,7.292140799299870121e-03
-4.645827300963401713e-03,6.029924661906434051e-03
-5.617843689665934573e-03,7.093675690078114250e-03
-5.830384164758856819e-03,7.363380676993336489e-03
-5.809733936549908891e-03,7.135958259555894544e-03
-5.832751324943366220e-03,7.170873191993717283e-03
-5.807846209122066207e-03,6.689075430398677691e-03
-6.008368348016218316e-03,7.263781891713744047e-03
-5.867424341503453544e-03,7.128328387757510744e-03
-5.850908391781076481e-03,7.453303592141133534e-03
-5.878470702935653484e-03,7.363366969674200839e-03
-5.794537852639599328e-03,7.509036419426818980e-03
-6.196256392644867821e-03,7.536922844059611853e-03
-6.315202167395260642e-03,7.750181046887788874e-03
-5.926295740426657313e-03,7.650085725114789438e-03
-6.305090716070669080e-03,7.925778652522419421e-03
-6.208464888378985302e-03,7.847747950872015210e-03
-6.214756667280670055e-03,7.645054338040658051e-03
-5.645646978943870235e-03,7.320858804354906865e-03
-5.935423724085498592e-03,7.848717198442170528e-03
-5.894097820727212805e-03,7.698723259642212442e-03
-5.947116160167320933e-03,7.813927599472393626e-03
-5.889827744175518340e-03,7.897077047763410157e-03
-6.197186582009476565e-03,8.057834935702241214e-03
-6.157657746003040132e-03,8.120682542248656294e-03
-5.991139461279664132e-03,8.168345546516613681e-03
-6.061668036583305053e-03,8.201148820400761333e-03
-6.039020952628535062e-03,8.119156955890001470e-03
-6.012360048704816669e-03,8.453250840169911767e-03
-5.914177101160884853e-03,8.463174181595574039e-03
-6.208585257977422382e-03,8.388045790574720495e-03
-6.230651623064709446e-03,8.660976392740098173e-03
nan,nan
-5.927191341126203730e-03,7.953838919050633741e-03
-6.025169038986502752e-03,8.146523084472100454e-03
-5.922389033108810957e-03,8.315305174932135016e-03
-6.097689050727202707e-03,8.649145409507509943e-03
-5.874551855226410081e-03,8.694799183099611445e-03
-6.123844110987037084e-03,8.881890424920404342e-03
-5.881334326269025033e-03,8.258862915125904369e-03
-6.158870342259734759e-03,8.348177750857870699e-03
-6.050430327994845564e-03,8.461628108729421852e-03
-6.310996830372826195e-03,8.864601211055174804e-03
-6.085540735797910841e-03,8.917571051044469871e-03
-6.472089228521329778e-03,9.218879248365207876e-03
-6.196145481663816595e-03,8.536537132216285087e-03
-6.309871238630890104e-03,8.673592444819945568e-03
-6.203217978661753652e-03,8.617571987574616788e-03
-6.437879571676067246e-03,9.225050659932629640e-03
-6.313436349370957039e-03,9.250306951919324422e-03
nan,nan
-6.370080315298945126e-03,9.184965841391973251e-03
-6.648231376787388722e-03,9.081531074243472806e-03
-6.502848278980346945e-03,8.802510080412509486e-03
-6.461369455480190684e-03,9.519135542608459649e-03
-6.440155991783185450e-03,9.683678813442229624e-03
-6.560452448103611112e-03,9.770999985305988539e-03
-6.696524375338185585e-03,9.762261698711822283e-03
-6.478727327153981086e-03,9.601923081426934695e-03
-6.922675042355480764e-03,9.016621631390987074e-03
-7.041037995894085938e-03,9.380537135669008569e-03
-6.770689620139206354e-03,9.594619875758847796e-03
-6.800712920102873656e-03,1.000113302418168502e-02
-6.783598109381426718e-03,9.814514012399865733e-03
-6.878548585839887840e-03,9.865388422058333703e-03
-6.899145719556331810e-03,9.585524971895895141e-03
-6.925583203930033363e-03,9.512813448522885670e-03
-7.043736780478225545e-03,9.996948033046508530e-03
-6.894792548394926106e-03,1.018926191993695975e-02
-7.156563799041646551e-03,1.049243966405514691e-02
-7.453216064500283074e-03,1.061128834928538010e-02
-7.764846678124248322e-03,1.041600554564619391e-02
-7.938996703866553831e-03,9.699210532305175408e-03
-7.880659998213938519e-03,1.026600082846075741e-02
-7.960793737495485550e-03,1.041505286674955510e-02
-8.081888076927041739e-03,1.081732098650159922e-02
-8.085988731965034274e-03,1.054485890534172937e-02
-8.192957101062910488e-03,1.101714848997253048e-02
-8.110879352225664959e-03,1.048123797309144165e-02
-8.240134521074204271e-03,1.056894248110794819e-02
-8.277147401504498375e-03,1.059638450875200096e-02
-8.682029755437694132e-03,1.096457094876500740e-02
-8.414800587839641605e-03,1.083838246906082721e-02
-8.447712576328585132e-03,1.123284249592660690e-02
-8.078650209523547537e-03,1.083425536269600094e-02
-8.063351397105495907e-03,1.073577597128052424e-02
-7.760131946023169497e-03,1.026004759589360486e-02
-7.730284726980086833e-03,1.075058519924237087e-02
-7.603862847142226454e-03,1.056289038393960766e-02
-7.848589907420277373e-03,1.092761573129784163e-02
-7.913820533195432480e-03,1.097671107967795358e-02
-8.085142301339741377e-03,1.079924013605036703e-02
-8.093541597429561654e-03,1.054260918085561313e-02
-7.961059783151801586e-03,1.068409148464958061e-02
-8.261007333157552660e-03,1.096947548159698041e-02
-8.142733479577987654e-03,1.115497347501192595e-02
-8.334810036636729896e-03,1.129294652751384326e-02
-8.329169156294237084e-03,1.119379129018573289e-02
-8.540395491982986573e-03,1.107049082485076288e-02
-8.402804072651346573e-03,1.069580433670912038e-02
-8.497833811541016455e-03,1.100601917575555477e-02
-8.312957254253518571e-03,1.097980972922685781e-02
-8.648770505561877153e-03,1.147055450297790498e-02
-8.623421029261092718e-03,1.127482747287960642e-02
-8.996807033075777255e-03,1.148515609183182150e-02
-8.662827145354070474e-03,1.095546183462697137e-02
-8.840640294403139324e-03,1.099653008914738654e-02
-8.644179588073142365e-03,1.094165467796698148e-02
-8.700812428946958291e-03,1.141020408184851599e-02
-8.635634880656007858e-03,1.140312783884668037e-02
-8.987246243168635351e-03,1.163851188708203872e-02
-8.818718307083871916e-03,1.135233881789612757e-02
-9.002289561333150225e-03,1.150343184533661987e-02
-8.970774613351151922e-03,1.103826141309693053e-02
-9.198769710254718623e-03,1.129678711892356975e-02
-9.220794946127638947e-03,1.161711217614360553e-02
-9.166843492790406611e-03,1.169540313487295313e-02
-9.345429101420801160e-03,1.181904905491101311e-02
-9.313032091245454502e-03,1.170929757682356159e-02
-9.470605320545933542e-03,1.171447734542536111e-02
-9.465337353077364971e-03,1.138363242044861806e-02
-9.625477121423099344e-03,1.144381401878094735e-02
-9.443322546879222984e-03,1.170824248344082795e-02
-9.732124772194991960e-03,1.207522535524163491e-02
-9.629304932326865005e-03,1.189425101909754971e-02
-1.007553082092013316e-02,1.235487881578658555e-02
-9.961830160763445602e-03,1.191566971508179959e-02
-9.994699582455074741e-03,1.199652321952312736e-02
-9.764146114301881785e-03,1.160379015375589268e-02
-1.003190547393445313e-02,1.208350861625673983e-02
-1.002171779826673340e-02,1.208388880032453851e-02
-1.002486563891580480e-02,1.243873937257037980e-02
-1.002497388977136722e-02,1.214805083858271594e-02
-1.021683988866473915e-02,1.252150335805335413e-02
-1.014162188240025873e-02,1.198454967717044184e-02
-1.024000820484420940e-02,1.203171828315276887e-02
-1.016444345465896196e-02,1.178928880490568570e-02
-1.035479514691373809e-02,1.238020465286550006e-02
-1.041419003975294251e-02,1.243299093414092227e-02
-1.048892478862990980e-02,1.239568747893434950e-02
-1.054659071698814052e-02,1.273587826457381160e-02
-1.054910280049039042e-02,1.269061312985777547e-02
-1.066662362146351614e-02,1.252943024889118830e-02
-1.036978064367000650e-02,1.212133014096688881e-02
-1.060027048555234157e-02,1.232818515726860284e-02
-1.037874889657305205e-02,1.237505900120447304e-02
-1.069144353471708844e-02,1.279885346243530599e-02
-1.062034503638968619e-02,1.253445828366411136e-02
-1.080925446630629991e-02,1.292358750236354339e-02
-1.069873526961311050e-02,1.274133179812487679e-02
-1.084475215360182140e-02,1.312394439536355116e-02
-1.090542177774339767e-02,1.239395119293703121e-02
-1.087467802194033543e-02,1.254876808135756833e-02
-1.100335458684353028e-02,1.299598313111263205e-02
-1.142233480409143680e-02,1.339042108069051287e-02
-1.149222334662945016e-02,1.338144363845992710e-02
-1.178315532616389279e-02,1.357096831616319207e-02
-1.191815269642389381e-02,1.357940421720757809e-02
-1.188998182695237375e-02,1.367938759516392801e-02
-1.194721874137763887e-02,1.357242247418225661e-02
-1.198527288217385474e-02,1.333730027766963019e-02
-1.200630747183068989e-02,1.346448995087502244e-02
-1.193455347000793067e-02,1.346025130508752415e-02
-1.237438965982136721e-02,1.369265064631220580e-02
-1.212406645263496008e-02,1.335898565700681037e-02
-1.236752648807706682e-02,1.378500693132764590e-02
-1.176502988794337311e-02,1.384595950884757141e-02
-1.227877617692947274e-02,1.387262366751273145e-02
-1.169250428356810763e-02,1.362252784501856093e-02
-1.191760552146338761e-02,1.351343041028384845e-02
-1.217858973792475263e-02,1.313662930307755126e-02
-1.194526745993813865e-02,1.345994690432958212e-02
-1.185752286701256125e-02,1.335872247100776400e-02
-1.192724510399561372e-02,1.363155233453656676e-02
-1.195121087462903443e-02,1.359769200199789120e-02
-1.193449357070070632e-02,1.395783579023879457e-02
-1.222995757800098698e-02,1.388564581911066846e-02
-1.184148573605944485e-02,1.390355544945485848e-02
nan,nan
-1.176871417881110785e-02,1.351804443561049202e-02
-1.179755770924533625e-02,1.354414122173888853e-02
-1.199315688448430832e-02,1.343254726370591776e-02
-1.228296561703627436e-02,1.410670127189879094e-02
-1.201872719061895106e-02,1.406633744529802235e-02
-1.221914351728486080e-02,1.438264661789498931e-02
-1.199222978873859362e-02,1.391770969281163131e-02
-1.222904161015009143e-02,1.403245632581350509e-02
-1.196445241989592574e-02,1.367712952562512643e-02
-1.221311636599340354e-02,1.426295983490781169e-02
-1.185343108796425501e-02,1.425882546887573613e-02
-1.209814157127662992e-02,1.462274477459527162e-02
-1.206082660907112011e-02,1.432731351399643173e-02
-1.093609631239161710e-02,1.320072850441837524e-02
-1.201278368101251111e-02,1.392826352752216459e-02
-1.195917647131007969e-02,1.433373453521742669e-02
-1.205362383521598260e-02,1.455029424907038765e-02
-1.214376889658919795e-02,1.465793297608376788e-02
-1.206098541231716281e-02,1.485526351219476800e-02
-1.197034373135912912e-02,1.442201085712092878e-02
-1.206788704734177570e-02,1.457465763257492254e-02
-1.195943486737138274e-02,1.435840134296352023e-02
-1.194466334828411976e-02,1.503649110088650133e-02
-1.194960996001482451e-02,1.477515955139525015e-02
-1.218536170897826371e-02,1.518588284058169230e-02
-1.196559080884708470e-02,1.480176272744609250e-02
-1.220083815096966416e-02,1.487273858870488165e-02
-1.195242188832174209e-02,1.472752674924342198e-02
-1.212221068048522331e-02,1.532577533505582491e-02
-1.223447199630212090e-02,1.519464057185288507e-02
-1.223655319965652813e-02,1.544659736324205390e-02
-1.229266800841108745e-02,1.533744706719240153e-02
-1.205721599509665572e-02,1.503759915531025469e-02
-1.215060493957132760e-02,1.498176225623818088e-02
-1.229722669757280472e-02,1.516619491244146009e-02
-1.250171884734770263e-02,1.558084424370377759e-02
-1.224572897060316988e-02,1.547952100460011846e-02
-1.253302560311429781e-02,1.580070933103322126e-02
-1.238597235257059108e-02,1.534498622959165962e-02
-1.254271769695647354e-02,1.533207982136929569e-02
-1.240630456028294151e-02,1.509234891986690336e-02
-1.277521487005768737e-02,1.586572354676080848e-02
-1.261006616070152811e-02,1.591728071543621614e-02
-1.261580013336743682e-02,1.622605408169830801e-02
-1.278252982921681928e-02,1.596778578275464058e-02
-1.261917147722255682e-02,1.567055236679364832e-02
-1.275914252643117058e-02,1.562962689375359954e-02
-1.271901140168272236e-02,1.573776567132601292e-02
-1.289077217163869631e-02,1.623413590257614600e-02
-1.284921133974229954e-02,1.611133787802086076e-02
-1.296703936122709476e-02,1.654389376491685951e-02
-1.293225323514295144e-02,1.606192571493887666e-02
-1.311419220497078708e-02,1.601476110872930569e-02
-1.309322418162246759e-02,1.573497847364362101e-02
-1.317088023383265576e-02,1.638980453478627516e-02
-1.314237439174912800e-02,1.646656437534151432e-02
-1.361046820002999660e-02,1.684901027286592190e-02
-1.357385645823701997e-02,1.681781303674968753e-02
-1.375707860726095057e-02,1.666712732561765123e-02
-1.399506758845727242e-02,1.652677186745391338e-02
-1.382628320481126688e-02,1.678856190727224043e-02
-1.413092110614329495e-02,1.706021471565411299e-02
-1.410532617363376498e-02,1.714248482674742696e-02
-1.423260128596193740e-02,1.736749160242134771e-02
-1.406201288843678641e-02,1.719329534207032772e-02
-1.428774280796258830e-02,1.712840196986773617e-02
-1.409015283588924833e-02,1.688654701670408431e-02
-1.411892373014007364e-02,1.747062601453847411e-02
-1.411526076456386808e-02,1.731070014680227698e-02
-1.418390551034368410e-02,1.752761184421825283e-02
-1.396118933467195046e-02,1.739453750520695424e-02
-1.406705078368560707e-02,1.740606305659929756e-02
-1.361039140229381404e-02,1.692917092101146187e-02
-1.354343961459480127e-02,1.682223842703311698e-02
-1.353394951522997498e-02,1.728931424725281205e-02
-1.361005981120229011e-02,1.735917722618107381e-02
-1.350081093001092095e-02,1.750458365843482467e-02
-1.376251015370947434e-02,1.739312523599149257e-02
-1.390356227728084537e-02,1.745559137781199643e-02
-1.381340792234563020e-02,1.692867132867625565e-02
-1.371227181672811379e-02,1.724417338947523484e-02
-1.366779976162137492e-02,1.738746300310222218e-02
-1.399345315165253720e-02,1.777176985971797712e-02
-1.375105552374040335e-02,1.751472895656780784e-02
-1.400106054350174628e-02,1.777721338126296916e-02
-1.411388163908006317e-02,1.758223744683800119e-02
-1.407502098853356115e-02,1.740161134084349664e-02
-1.391902978046049948e-02,1.729226365428437537e-02
-1.400556041425176507e-02,1.771783320443185220e-02
-1.414420300270939970e-02,1.788559833017296097e-02
-1.405603494797114279e-02,1.788470864019676976e-02
-1.416320276031216539e-02,1.802181436069668491e-02
-1.421608692140765087e-02,1.788871480991953075e-02
-1.447307338194109110e-02,1.780799990013287246e-02
-1.406926398619064329e-02,1.733786056489502667e-02
-1.427931260073020923e-02,1.813526138301758614e-02
-1.401995717945220092e-02,1.804997588177207138e-02
-1.435833637518577413e-02,1.828733714269965491e-02
-1.414167280540238984e-02,1.814726514035228111e-02
-1.434945123933358338e-02,1.845879815610545691e-02
-1.438048900032245191e-02,1.806299771657175063e-02
-1.433944683153109100e-02,1.776987251092581807e-02
-1.438656143254009312e-02,1.787967998182174445e-02
-1.449030066018862015e-02,1.812322342230182973e-02
-1.464337991453439417e-02,1.842313719389758464e-02
-1.457222261870831474e-02,1.833302892454833494e-02
-1.482629608870238667e-02,1.879471059323435667e-02
-1.471470473654925074e-02,1.847517366998528351e-02
-1.511425855873193246e-02,1.831011398115375832e-02
-1.486186254687984522e-02,1.791488722167919323e-02
-1.497506651378432106e-02,1.842372036419782574e-02
-1.482778268619417555e-02,1.842243362077301133e-02
-1.500348226746478324e-02,1.883429769196696968e-02
-1.501162062146219230e-02,1.881662837806591729e-02
-1.515624877444943751e-02,1.880182409835105817e-02
-1.524347972774682709e-02,1.893179360506641248e-02
-1.521151804267164599e-02,1.840000161066494833e-02
-1.518962517054927436e-02,1.844610469631822666e-02
-1.498293570990180332e-02,1.851194618422085172e-02
-1.538621787777600877e-02,1.912566642880295445e-02
-1.513545045609395769e-02,1.892227959774641852e-02
-1.549364923233587099e-02,1.909849339251350891e-02
-1.530567074844630011e-02,1.901063785331085290e-02
-1.545317548162366932e-02,1.929436556140113820e-02
-1.547117934688462676e-02,1.911516244033661938e-02
-1.548797579554692279e-02,1.873182664895514660e-02
-1.530877463510171670e-02,1.872502148573580716e-02
-1.522929318132128576e-02,1.908705285746048821e-02
-1.570663079827192693e-02,1.928657067602602623e-02
-1.564302374397140080e-02,1.910606481433630918e-02
-1.587602344213779118e-02,1.936247771490109959e-02
-1.562303255043055554e-02,1.923750340103176637e-02
-1.571446677221692567e-02,1.966383654546541987e-02
-1.557489992631378405e-02,1.938841671578778181e-02
-1.563076672696837172e-02,1.924212205546829701e-02
-1.541172179993336062e-02,1.900019512788386419e-02
-1.567033620257094612e-02,1.951245673600231906e-02
-1.584084328221913723e-02,1.948671956141115671e-02
-1.579256047380085681e-02,1.954110145308253499e-02
-1.595873817642379927e-02,1.974214448232610580e-02
-1.621881382412477743e-02,1.986607164751914151e-02
-1.640810450385782673e-02,2.022205397047340328e-02
-1.649107331287105044e-02,1.999063108092970914e-02
-1.688252460088099025e-02,2.045233555441180670e-02
-1.677978650921948742e-02,1.955855396208326311e-02
nan,nan
-1.667401085418682843e-02,1.998314787805551690e-02
-1.694430484394541386e-02,2.022623249850823840e-02
-1.685572437974780166e-02,2.014848301046638993e-02
-1.686224728721771871e-02,1.995282504740894872e-02
-1.688001798121250424e-02,1.981155117028907120e-02
-1.680989907715522286e-02,1.980073523305746555e-02
-1.698700070610852791e-02,2.009531695971662410e-02
-1.664632322025663691e-02,1.995795410113844134e-02
-1.674997336659853064e-02,2.034353501506250966e-02
-1.641752837794753853e-02,1.981134796582546820e-02
-1.641665821859470201e-02,1.974054347803559650e-02
-1.626378204239925171e-02,1.951118468591941588e-02
-1.654891358984843588e-02,2.000003750436507230e-02
-1.649739925648179006e-02,2.007178165760168873e-02
-1.651473392595606549e-02,2.042929419416775888e-02
-1.654647426001703073e-02,2.042055325642162800e-02
-1.651404205689952984e-02,2.001216634615387083e-02
-1.654256350649843665e-02,2.003414377804784222e-02
-1.631100376491373058e-02,1.994714285316875890e-02
-1.676456472474479112e-02,2.064602640025262406e-02
-1.663262456395558225e-02,2.051534934200902743e-02
-1.686615003236255350e-02,2.056720344034761519e-02
-1.655408894971148459e-02,1.994768862688839697e-02
-1.687602229740903584e-02,2.011014453824230136e-02
-1.682375407435110493e-02,2.003604707302646115e-02
-1.691356902951702754e-02,2.060435345249064104e-02
-1.691149463440672421e-02,2.071681587810499797e-02
-1.698497248094999260e-02,2.078333085462337471e-02
-1.696273212348085521e-02,2.064347550227154174e-02
-1.683907259491815300e-02,2.027402643165098980e-02
-1.704901399812290899e-02,2.053874516433897707e-02
-1.694146717364238691e-02,2.079586865299777251e-02
-1.707642881102059904e-02,2.116423660480634683e-02
-1.678564386440885639e-02,2.099539493334914159e-02
-1.718792933684545540e-02,2.107623591211413294e-02
-1.702908363972632094e-02,2.064857489268229554e-02
-1.732379646872293788e-02,2.024835453306724972e-02
-1.730362836542434501e-02,2.101375804011750351e-02
-1.702240206151675594e-02,2.111692630828833003e-02
-1.732105227229067262e-02,2.138474452779007620e-02
-1.716584540146715368e-02,2.109981537122734493e-02
-1.729418502983241790e-02,2.119713193870626303e-02
-1.683657736844891908e-02,2.064892998982097508e-02
-1.718427447083272983e-02,2.137215693249803691e-02
-1.715824291997098891e-02,2.148139334809832934e-02
-1.740347812447601977e-02,2.170709448454664209e-02
-1.748187773477562559e-02,2.146603259371452146e-02
-1.749110763406001856e-02,2.135308263800444681e-02
-1.738283507630255034e-02,2.108980608097657528e-02
-1.722143535885038712e-02,2.139370388372822951e-02
-1.755234785493435534e-02,2.188305892158387209e-02
-1.739760358664692308e-02,2.167040425028275707e-02
-1.779899355305820940e-02,2.195500453013252834e-02
-1.754772653192547549e-02,2.142369273230853438e-02
-1.771713155346393495e-02,2.144689449280183513e-02
-1.751790325683306657e-02,2.154963538824162736e-02
-1.772593559095467924e-02,2.197344157166048265e-02
-1.761487828000640396e-02,2.223867862122343858e-02
-1.771574145423257182e-02,2.220943183054086695e-02
-1.780111444509249741e-02,2.186858923604845933e-02
-1.779765740091862614e-02,2.166322235010770605e-02
-1.795602899943600159e-02,2.190868062529239060e-02
-1.770317816776667552e-02,2.208635858443487934e-02
-1.778443695082067288e-02,2.242081486689520564e-02
-1.789744143064242801e-02,2.252375581298271534e-02
-1.792620698216201153e-02,2.243090303154277390e-02
-1.767955606332972593e-02,2.183433332153039350e-02
-1.775288928303024594e-02,2.193454270635076045e-02
-1.801609765941362962e-02,2.221762796667879972e-02
-1.801328956581652388e-02,2.237825604749511810e-02
-1.817642266910693763e-02,2.269475100275858762e-02
-1.805411827096435259e-02,2.254251007173810328e-02
-1.800304971284382924e-02,2.259913952322847169e-02
-1.784659232241059268e-02,2.223907603406835576e-02
-1.808121354969509376e-02,2.265569630163388401e-02
-1.812015158917001934e-02,2.285482275693403315e-02
-1.860208600198288639e-02,2.308707735301512159e-02
-1.863166460185972442e-02,2.314750169814223935e-02
-1.874049658084343817e-02,2.304894690435580623e-02
-1.896309011261309088e-02,2.309473534802861105e-02
-1.882854466410041616e-02,2.289066183122870704e-02
-1.903926752210917395e-02,2.369073405335582125e-02
-1.912792811649248470e-02,2.347586465696726785e-02
-1.928256004063586687e-02,2.374393886725012850e-02
-1.917119379896797121e-02,2.338726011887599238e-02
-1.934797556389261305e-02,2.318423088533758808e-02
-1.902465217046657442e-02,2.306350353151459184e-02
-1.924634715433975324e-02,2.342726722044303350e-02
-1.934007399452550291e-02,2.371695319174070560e-02
-1.899902241196720076e-02,2.369188049892201678e-02
-1.902034036386853963e-02,2.404129346076927173e-02
-1.872659472756196819e-02,2.341926898852979277e-02
-1.862402394874195996e-02,2.328785159776386102e-02
-1.840250094573167225e-02,2.304044635642739369e-02
-1.855594354428633658e-02,2.385796271773482288e-02
-1.851987170714471803e-02,2.359494898590049072e-02
-1.864255998298506439e-02,2.387343555930350122e-02
-1.872711075809782577e-02,2.399109860542950404e-02
-1.846269240255339963e-02,2.339202199359946902e-02
-1.850352117108000974e-02,2.347827995444603730e-02
-1.853792673362436236e-02,2.339874616898791199e-02
-1.865075299499133199e-02,2.398163815308861427e-02
-1.850295335299583302e-02,2.386222878651706944e-02
-1.882233553592276704e-02,2.431607304922121099e-02
-1.859476394464201071e-02,2.393465564394698167e-02
-1.867354745673844782e-02,2.375091873281303181e-02
-1.860494273586859801e-02,2.370736908170144666e-02
-1.862561856674719088e-02,2.391504280833504220e-02
-1.884771037962880424e-02,2.417847177945197171e-02
-1.880199587099735600e-02,2.404951911639020834e-02
-1.897456582687811685e-02,2.442431911183459356e-02
-1.879866892300904868e-02,2.413563976969321928e-02
-1.899444428043345692e-02,2.400995764808511526e-02
-1.890964518053003113e-02,2.378219670987678086e-02
-1.897937017828066689e-02,2.434763384656027374e-02
-1.915310628967695564e-02,2.440631217007350681e-02
-1.909545885214934333e-02,2.443328271576092336e-02
-1.927990533625796588e-02,2.510139498705424299e-02
-1.916541159506517794e-02,2.450959554797227380e-02
-1.932967052689860479e-02,2.440611803449333275e-02
-1.894326172603417666e-02,2.393789644832757316e-02
-1.939447117489466466e-02,2.462886659972634770e-02
-1.938123893357787328e-02,2.454455493765547031e-02
-1.949868626202042390e-02,2.470187984461769126e-02
-1.949416925209116261e-02,2.479440440570010104e-02
-1.951290583877327012e-02,2.477181833402171407e-02
-1.939406637893188387e-02,2.466757819435183227e-02
-1.930148013016927400e-02,2.418191119736675873e-02
-1.954943227351941051e-02,2.473895741813456756e-02
-1.957724634842690492e-02,2.460154136045623885e-02
-1.974675023568301518e-02,2.473764191080390223e-02
-1.954351905038710299e-02,2.482943450743431424e-02
-1.967547399334855854e-02,2.499420008802565388e-02
-1.954298799528731215e-02,2.469659622919423772e-02
-1.929875553867018909e-02,2.442566195604902249e-02
-1.969084341606348529e-02,2.497197131918996518e-02
-1.967833621376223127e-02,2.489302586238292814e-02
-1.994991529530719745e-02,2.528745166093082641e-02
-1.987904422638579055e-02,2.505370945438573776e-02
-2.000192528974718484e-02,2.520175452807025748e-02
-1.994070888050381365e-02,2.532455476645796219e-02
-2.010020188922384196e-02,2.491850615857735957e-02
-1.991664700234736796e-02,2.487030847183476640e-02
-1.982858671237827317e-02,2.502102918898771108e-02
-2.041124711968433925e-02,2.544417580372255322e-02
nan,nan
-2.013236943360912842e-02,2.549371761084722951e-02
-2.010491618013551113e-02,2.515207086805133427e-02
-2.017630807624718609e-02,2.503070346299658341e-02
-1.992857379962149553e-02,2.489480650856924424e-02
-2.010251266608843387e-02,2.516855218117045045e-02
-2.040700075639066344e-02,2.549640817985511509e-02
-2.025484632243879438e-02,2.550764899944879885e-02
-2.038574566791986203e-02,2.559165787047482446e-02
-2.030468911641193641e-02,2.497292743380429003e-02
-2.044561436717010766e-02,2.523273115751282006e-02
-2.025548310269993657e-02,2.524649582787685809e-02
-2.037658212074073757e-02,2.579252356809334790e-02
-2.076163630372761595e-02,2.584149139029849954e-02
-2.092713062027721366e-02,2.557078688055896068e-02
-2.116445772366331440e-02,2.547830201788282498e-02
-2.078258238672019143e-02,2.525364627596084904e-02
-2.127306720114720620e-02,2.571319862842815634e-02
-2.112368619121752014e-02,2.593979773603223224e-02
-2.153233932964777886e-02,2.628777453659838365e-02
-2.135225615774173288e-02,2.653390700762584681e-02
-2.120671555554102389e-02,2.594460772302891599e-02
-2.138376263207812655e-02,2.596880548965829760e-02
-2.129545901429565763e-02,2.567006326494376128e-02
-2.146793631751875778e-02,2.624224822295958409e-02
-2.134304784358699233e-02,2.629510498954991393e-02
-2.140342503300048799e-02,2.656235140452158777e-02
-2.125825748812882818e-02,2.603865024602769127e-02
-2.126631231112250872e-02,2.603332389440727104e-02
-2.119638910773145521e-02,2.560351390398491953e-02
-2.106779385370972923e-02,2.596147953539569564e-02
-2.123520227330385687e-02,2.633462176813908262e-02
-2.160139876087054794e-02,2.602431638125859981e-02
-2.164731483470281811e-02,2.630946717277196645e-02
-2.134109743861158787e-02,2.576318622381891174e-02
-2.162021160899120845e-02,2.596119460161974701e-02
-2.164382476470620015e-02,2.604563884952584840e-02
-2.164643671390202931e-02,2.646830789837024620e-02
-2.182481947445630635e-02,2.662341285770682131e-02
-2.180340970170718123e-02,2.637488498558642619e-02
-2.182298296075179181e-02,2.621636930718878114e-02
-2.161279198125156537e-02,2.592467118570265100e-02
-2.188922769484990746e-02,2.639834006538194916e-02
-2.168156464259459598e-02,2.657250748621148642e-02
-2.212156026046432217e-02,2.693942882633677816e-02
-2.195890743577323667e-02,2.671602841185004296e-02
-2.191734092944139928e-02,2.632946873001516114e-02
-2.205459852076725388e-02,2.631038918889029923e-02
-2.204567519357219368e-02,2.618281131382079949e-02
-2.240191631051906621e-02,2.697248670097729048e-02
-2.240657957021859742e-02,2.684476079919004277e-02
-2.264833836124370212e-02,2.714854660388442767e-02
-2.250746735371775969e-02,2.674394212283430494e-02
-2.254588573572157209e-02,2.655509289190811570e-02
-2.246687001750739127e-02,2.657994977009741841e-02
-2.259636227907998660e-02,2.688474363390211397e-02
-2.290665640039935350e-02,2.721181542089116945e-02
-2.271458348261361573e-02,2.708363352030077054e-02
-2.292367618891780201e-02,2.707446998547885855e-02
-2.254441346923307873e-02,2.664675328323410503e-02
-2.283583012872618390e-02,2.678263643697341087e-02
-2.307764582613364840e-02,2.721179356595501003e-02
-2.313494492942745964e-02,2.733485022844239776e-02
-2.311291615371315403e-02,2.775127989877438153e-02
-2.298159607487884615e-02,2.726218307591771889e-02
-2.315963822011673015e-02,2.722193045827178345e-02
-2.292672085201987245e-02,2.698131167625216972e-02
-2.328942359964219361e-02,2.759796480984043343e-02
-2.307218842152888860e-02,2.768504862051280810e-02
-2.321311063429717936e-02,2.746514359052196208e-02
-2.314940351259537135e-02,2.761475053464984217e-02
-2.304477477725956971e-02,2.718824324538873793e-02
-2.314888814901939693e-02,2.749439589474531737e-02
-2.300580396935112543e-02,2.753732062471391309e-02
-2.303663314715707205e-02,2.791997772999624608e-02
-2.296568087742507577e-02,2.791746708172331698e-02
-2.314322276167065859e-02,2.758136202677067064e-02
-2.304296784264259559e-02,2.756329807651056174e-02
-2.298233384991533665e-02,2.732178102267417835e-02
-2.318634427109199023e-02,2.793038931646758816e-02
-2.304510191032158040e-02,2.790968255431763162e-02
-2.334712051341566313e-02,2.794540607836502530e-02
-2.344901265342691499e-02,2.795118264462470234e-02
-2.351220576061132522e-02,2.747789918600012857e-02
-2.331017010631270328e-02,2.763208070790406853e-02
-2.328293590463104135e-02,2.783534081654653186e-02
-2.337812311107778998e-02,2.840019816689275112e-02
-2.338965987596762497e-02,2.801876526868375336e-02
-2.381726722926382281e-02,2.835921374324692351e-02
-2.357108536687485892e-02,2.795623422149899964e-02
-2.344612204958310478e-02,2.804940275859873350e-02
-2.343844349929049414e-02,2.806058072574957665e-02
-2.333522744088610892e-02,2.832592602910017840e-02
-2.365582404518910831e-02,2.846561180124719537e-02
-2.352182946174970896e-02,2.827425482097793707e-02
-2.364899860464394349e-02,2.865257685826277587e-02
-2.373203197073368159e-02,2.861753321849963214e-02
-2.390459331084066746e-02,2.838452668574848251e-02
-2.425195695366239718e-02,2.888028232074590917e-02
-2.445062485397843377e-02,2.899298686226380387e-02
-2.482294824766316174e-02,2.931204951113410354e-02
-2.450316164837207031e-02,2.907645494108809098e-02
-2.462555508264173756e-02,2.915332907841059959e-02
-2.443075150201800758e-02,2.899404220816920869e-02
-2.450174907202942731e-02,2.960844505463368012e-02
-2.466752496722458485e-02,2.974433763827285734e-02
-2.459839108921638151e-02,2.962138645547581980e-02
-2.510229263404528330e-02,2.969431418037019044e-02
-2.485942523044915031e-02,2.908236553269775287e-02
-2.479875999809728546e-02,2.904809744517090550e-02
-2.451733990711642969e-02,2.908975778559936762e-02
-2.458367456510991353e-02,2.923716399517630252e-02
-2.466042466045556200e-02,2.961667971530154361e-02
-2.420136183515204237e-02,2.943698760891267849e-02
-2.450035549482164343e-02,2.982756512727955528e-02
-2.432243223978684810e-02,2.897081245966046797e-02
-2.421691376939984902e-02,2.935793774952681970e-02
-2.436565667016220640e-02,2.939431076589613112e-02
-2.417362281205752764e-02,2.961817076367796384e-02
-2.445762578769073228e-02,2.979796355546773107e-02
-2.440922437554504318e-02,2.939198279320376708e-02
-2.475259454984462745e-02,2.948576140893757053e-02
-2.435024100783742679e-02,2.885763545412595860e-02
-2.448803733378512523e-02,2.931289341458711423e-02
-2.432940532109847606e-02,2.970775524351982125e-02
-2.444146968114253166e-02,2.977244678213740448e-02
-2.414682481770545272e-02,3.009378742578255189e-02
-2.436339564954019543e-02,2.990074684190123164e-02
-2.461369718741165599e-02,2.985826879338688081e-02
-2.411754376613452558e-02,2.938685178485035687e-02
-2.462333467279035487e-02,3.013158369805403122e-02
-2.475106677200460473e-02,3.020098389900351815e-02
-2.476750194289410387e-02,3.017596116132471862e-02
-2.481563565837617905e-02,3.060057825819745975e-02
-2.471614762104129906e-02,3.018942915695593115e-02
-2.485179042405925853e-02,3.019547406421729807e-02
-2.444285846121344030e-02,2.985283982872063979e-02
-2.460522502384394211e-02,3.039923546927510156e-02
-2.455427797465388473e-02,3.050403019244279229e-02
-2.446665618623003816e-02,3.038454367013043722e-02
-2.478032020102495514e-02,3.071876546795675178e-02
-2.466414408896390811e-02,3.055019918651773886e-02
-2.490270394117520894e-02,3.037690166604353065e-02
-2.448699895465623541e-02,3.008503754865267388e-02
-2.464241345391475838e-02,3.086438983240486628e-02
-2.475271277393568947e-02,3.076104239788653161e-02
nan,nan
-2.461698576765941962e-02,3.098820419425493342e-02
-2.431143620348783993e-02,3.039177233070187306e-02
-2.435549895548317148e-02,3.081298515422698989e-02
-2.433336535015301685e-02,3.055219983307378914e-02
-2.434964586816987936e-02,3.091998831112427459e-02
-2.479133355224239291e-02,3.107517190686851297e-02
-2.476622863388105306e-02,3.108283330850044809e-02
-2.501019319603991695e-02,3.098778602276530680e-02
-2.466406821019497680e-02,3.073607244597172106e-02
-2.468699282068956280e-02,3.093690653674011776e-02
-2.464962536874044235e-02,3.096132327036293930e-02
-2.489313240875956623e-02,3.123062088029033082e-02
-2.503675144650075249e-02,3.165120738582230531e-02
-2.514916006694029732e-02,3.113157138798339219e-02
-2.549269019506383502e-02,3.101989804428223821e-02
-2.511177642124996778e-02,3.110763070232853977e-02
-2.523083310604366802e-02,3.092216586536342821e-02
-2.547595765351094721e-02,3.140814935642724515e-02
-2.554204756215896002e-02,3.147360072295046080e-02
-2.573499308834301114e-02,3.172225826790118358e-02
-2.531410520018909094e-02,3.131041478938231121e-02
-2.572544428084901427e-02,3.146137756352395537e-02
-2.559425294140022650e-02,3.108381802201869160e-02
-2.577349276112550491e-02,3.167381273231806987e-02
-2.574308524732707437e-02,3.190325675882831058e-02
-2.567505952974346098e-02,3.165707627834282722e-02
-2.594120297952452400e-02,3.170124717313502205e-02
-2.572847718843327899e-02,3.150628570409994000e-02
-2.598812789801618547e-02,3.148907711991716374e-02
-2.591945063134173943e-02,3.164924118207276121e-02
-2.591609438104271884e-02,3.210791682057165253e-02
-2.625906353421549391e-02,3.234162583182999956e-02
-2.621875163234905354e-02,3.179426665914639183e-02
-2.640800462234898019e-02,3.231425943588524252e-02
-2.644061004272248161e-02,3.174985376281409810e-02
-2.683363053992445998e-02,3.213951922833760411e-02
-2.675452739559606996e-02,3.263872329124198335e-02
