-1.004537077151595450e-03,-2.483823972199694294e-02
-9.329660514321464360e-04,-2.462632309070725278e-02
-7.717325012757447799e-04,-2.444725784451744557e-02
-5.521158050361124744e-04,-2.434693776276831978e-02
-7.115823292706857954e-04,-2.464723192537530277e-02
-7.918504376025345881e-04,-2.468666440448485586e-02
-8.793535464655527489e-04,-2.478955969812717333e-02
-1.103848292994803922e-03,-2.488096811398228525e-02
-9.913530587043852590e-04,-2.481800915059172163e-02
-1.068341655189227737e-03,-2.492268536893404648e-02
-7.973111232897608707e-04,-2.470369859838846688e-02
-7.332074170840510415e-04,-2.450032877170673154e-02
-5.466039591244661530e-04,-2.457656817752992134e-02
-6.270551601986407630e-04,-2.449537978640902933e-02
-6.301797989912760528e-04,-2.433349430309676709e-02
-5.993796271293925062e-04,-2.454467688894299005e-02
-5.633846535197969789e-04,-2.480109319159232856e-02
-4.564660601031261876e-04,-2.455785376336571887e-02
-4.317424503059896952e-04,-2.464911481539324226e-02
-3.283595728821794846e-04,-2.456211191989938689e-02
-5.911454101322063601e-04,-2.449866562498902167e-02
-3.897345182092071324e-04,-2.450954171744874899e-02
-6.292050199836817870e-04,-2.449220321945745280e-02
-7.126644572365297857e-04,-2.455584465832034990e-02
-5.691063138359703363e-04,-2.459147020991197391e-02
-7.763583061349227463e-04,-2.453192877122289950e-02
-5.947409126515887032e-04,-2.471130239311769214e-02
-7.775190643444340310e-04,-2.468452710811651699e-02
-7.485704156250803020e-04,-2.475247917939219292e-02
-5.449186657561608423e-04,-2.450967856238686626e-02
-6.554789645120753794e-04,-2.477388513736620418e-02
-6.977672308970941581e-04,-2.470137224190894695e-02
-5.251815514723689625e-04,-2.467158501999628870e-02
-4.487898312338026033e-04,-2.432789095003411173e-02
-3.604474127227868955e-04,-2.449727302551264752e-02
-4.693428137450270164e-04,-2.457839938191220749e-02
-3.663560140890101510e-04,-2.438677772160518717e-02
-5.221765842033412571e-04,-2.467244651325428348e-02
-5.494304298898500119e-04,-2.442803304254458421e-02
-7.022706679840740431e-04,-2.476121181915870786e-02
-1.108368745424172892e-03,-2.452267623269891589e-02
-1.174676468879707562e-03,-2.467112202013188246e-02
-7.872128193939525618e-04,-2.473965716440959528e-02
-6.993719020860788595e-04,-2.460446071393867715e-02
-4.616347683072727207e-04,-2.450546634701598198e-02
-4.227920251885503152e-04,-2.454470665019064385e-02
-6.107301961543972792e-04,-2.470980696114737432e-02
-6.647729132201649592e-04,-2.467348662101903276e-02
-5.768811230570486089e-04,-2.465268087174736500e-02
-5.036641409473771635e-04,-2.477774217879491481e-02
-6.015942609210819412e-04,-2.443386046629698535e-02
-5.249831948960146082e-04,-2.460549805340804183e-02
-5.153427760153570219e-04,-2.430507446207887806e-02
-3.787211777707852290e-04,-2.419016318559614326e-02
-6.877327243647763126e-04,-2.447464494017108361e-02
-1.115186019773343768e-03,-2.466838961512033551e-02
-8.087062905743369091e-04,-2.478129904303565459e-02
-6.838610622611255262e-04,-2.460494116509747212e-02
-7.339442224918579913e-04,-2.449908804468651363e-02
-5.587435302872306849e-04,-2.441646614422572636e-02
-4.373706370629651201e-04,-2.410533716769999724e-02
-3.788473552257148641e-04,-2.405369323712681570e-02
-3.137881426058456011e-04,-2.375871156875770246e-02
5.229876988935511445e-05,-2.390510916088606219e-02
-3.526242575736371191e-04,-2.402464313040088978e-02
-2.364110158093893441e-04,-2.391394416248930968e-02
-1.679460611249305915e-04,-2.422281334019490279e-02
-6.167925244664972898e-05,-2.389002337607349855e-02
-2.529850819568468922e-05,-2.373222331927031872e-02
-2.323480482837103687e-04,-2.350242266452868406e-02
-1.148444848527840884e-04,-2.364092171841947546e-02
-1.574775027349964516e-04,-2.365582470258152312e-02
-1.633634149000187750e-04,-2.361249565837391512e-02
-3.072766803434945305e-04,-2.384501977879022877e-02
-7.088576007270383375e-04,-2.411249859767449974e-02
-6.035527622473612968e-04,-2.404809848266943259e-02
-8.683218361348585311e-04,-2.391049468000125411e-02
-1.003259583763178257e-03,-2.396185525008175457e-02
-8.227271515226953092e-04,-2.384472974293956604e-02
-1.237584007321085268e-03,-2.347340285253549097e-02
-8.680830605704578998e-04,-2.378785029721081426e-02
-8.390634846824152147e-04,-2.402919835768186144e-02
-1.086328938153840974e-03,-2.396904665678801019e-02
-1.208298138579038880e-03,-2.379152261956546735e-02
-1.442890906550574033e-03,-2.403514877945608225e-02
-1.344262952547194915e-03,-2.377192921616922208e-02
-1.101641007433102519e-03,-2.362501540871237565e-02
-1.047313123130332339e-03,-2.350418459182190487e-02
-9.129825416643599662e-04,-2.357099589100573531e-02
-1.099421672116591715e-03,-2.364301386667910440e-02
-1.519244777450076645e-03,-2.378544448827459717e-02
-1.942478273608945266e-03,-2.372465151570495728e-02
-2.015443279210720525e-03,-2.377685416106786742e-02
-1.874975203185311754e-03,-2.347529431636513966e-02
-1.626856827859179304e-03,-2.361088984766802554e-02
-1.391897331581010708e-03,-2.337315109098983892e-02
-1.717723960694820780e-03,-2.325637289474043884e-02
-1.330367762535122553e-03,-2.315646312846617733e-02
-1.326175755559272883e-03,-2.329069141791587083e-02
-1.588819265903837789e-03,-2.342756489880498325e-02
-1.542080492772237221e-03,-2.330290826348592123e-02
-1.861371575020000701e-03,-2.325600266325510493e-02
-1.738530503341209925e-03,-2.323850830615787136e-02
-1.608866147568781008e-03,-2.329087069316278930e-02
-1.463788546063066014e-03,-2.328154262079548328e-02
-1.345606313382608551e-03,-2.303622188537741630e-02
-1.531225169435033485e-03,-2.301325964623886916e-02
-1.741755248336392678e-03,-2.307796291117459805e-02
-1.632116326947337989e-03,-2.324677985966022015e-02
-1.669793912049946562e-03,-2.328680880913121254e-02
-1.765770942686458247e-03,-2.319397211571653031e-02
-1.933738255732248045e-03,-2.360826181288152789e-02
-1.659821884469270736e-03,-2.324217086185919809e-02
-1.758996023886332232e-03,-2.331738915277226099e-02
-1.580917444499500835e-03,-2.304660281787676915e-02
-1.495373097620199179e-03,-2.306632390967549087e-02
-1.398906146844641155e-03,-2.308352948883320502e-02
-1.573001377700930297e-03,-2.310497359414951518e-02
-1.581996416938556173e-03,-2.303236694197136405e-02
-1.589645874175523626e-03,-2.299923424019133245e-02
-1.708610033648179675e-03,-2.292081770095027310e-02
-1.831229861392677429e-03,-2.299386579864491284e-02
-1.808872293740939555e-03,-2.274426655151208163e-02
-1.707695162630180116e-03,-2.276855086520650565e-02
-1.784142275934325582e-03,-2.284380942508544912e-02
-1.746107694487465363e-03,-2.301939042805102587e-02
-1.947790183408129854e-03,-2.296681779573088791e-02
-1.738779794041123627e-03,-2.272946409972717574e-02
-1.545816982036961936e-03,-2.277411993936808224e-02
-1.626916317361402735e-03,-2.271844631312912310e-02
-1.334306448404176150e-03,-2.262728528532333139e-02
-1.748415024171547918e-03,-2.262355920605765847e-02
-1.873353621384963577e-03,-2.267367529986917193e-02
-1.777441010543944237e-03,-2.266381906025571533e-02
-1.579779277106468970e-03,-2.253016609872339829e-02
-1.798021545257900804e-03,-2.257101944978671948e-02
-1.597351560299522166e-03,-2.236587517438153733e-02
-1.553450476765115724e-03,-2.236513102137951958e-02
-1.410266782249879102e-03,-2.240563864079441955e-02
-1.693687784118635617e-03,-2.223721149384958948e-02
-1.947025665630180329e-03,-2.251320586714591204e-02
nan,nan
-1.858586099803076572e-03,-2.258684914107509517e-02
-1.844402717480413600e-03,-2.251111583220135118e-02
-1.631797722769625985e-03,-2.237302169027263407e-02
-1.225226639789574450e-03,-2.201225264069992665e-02
-1.101758882035766248e-03,-2.178035053292830606e-02
-7.887071013282285050e-04,-2.156951070659149372e-02
-1.300840070031508960e-03,-2.128707190480486414e-02
-8.212101332752349842e-04,-2.124436819791589506e-02
-9.689360144778233399e-04,-2.106995185928896633e-02
-9.418847474640337390e-04,-2.106963383683898433e-02
-4.611929566794570334e-04,-2.132888424151090090e-02
-4.499041237792197781e-04,-2.112160204772252706e-02
-2.191754818273361418e-04,-2.116259086523721716e-02
-3.230277216146804271e-04,-2.072136317837970990e-02
-2.624296933163647186e-04,-2.108375835657294584e-02
-4.192131090707915011e-04,-2.103216269805875324e-02
-7.082604953493431936e-04,-2.123047294309552552e-02
-1.198875509569485203e-03,-2.143149974740716016e-02
-1.174662096692146622e-03,-2.131380784871288181e-02
-8.500879924429552035e-04,-2.132743227372328743e-02
-1.294210395901326327e-03,-2.131966121134212105e-02
-1.211720377309927774e-03,-2.116659105369320809e-02
-1.364687740636975422e-03,-2.089629038574161018e-02
-1.291096376619756906e-03,-2.084111808097603019e-02
-1.338927327606631665e-03,-2.115674964281269443e-02
-1.756189852735000898e-03,-2.115063745926014371e-02
-1.733189899826485239e-03,-2.145691127230344580e-02
-1.986158589040204654e-03,-2.150818550025807713e-02
-1.746102470742853796e-03,-2.143554217322006863e-02
-1.624590650954756870e-03,-2.132057977744870186e-02
-1.449711053940048186e-03,-2.140044370335712764e-02
-1.159498022645874451e-03,-2.133788196934158915e-02
-1.273944788846085403e-03,-2.117257356442556887e-02
-1.331410887493017546e-03,-2.142963665910747884e-02
-1.652773693773754767e-03,-2.120622719150841093e-02
-1.588806483637071046e-03,-2.149693377857944676e-02
-1.303542224152479112e-03,-2.160835833053018074e-02
-1.499647600027678154e-03,-2.130218309989180547e-02
-1.547829224468289140e-03,-2.121515354878484444e-02
-1.783666833614839858e-03,-2.119792354390587566e-02
-1.437783862177646754e-03,-2.122148872177391857e-02
-1.665911224474232993e-03,-2.117535939508026141e-02
-1.800958701452098952e-03,-2.124637756365349919e-02
-2.094838351836167747e-03,-2.149930001871901142e-02
-1.943023726843643752e-03,-2.139781792133536170e-02
-1.807330622771383078e-03,-2.112384884684873759e-02
-1.681412404742026970e-03,-2.131142766289087845e-02
-1.826698241500501751e-03,-2.108351756845167416e-02
-1.996816177771603210e-03,-2.087090371502211064e-02
-1.715410178330019917e-03,-2.087040074287142832e-02
-1.766722543235205167e-03,-2.083899972155414670e-02
-2.022846377313946165e-03,-2.082028169423341332e-02
-1.570801307282418619e-03,-2.097753135626579182e-02
-1.390304196922243028e-03,-2.062426374572005894e-02
-1.733865276958162800e-03,-2.066229954572636890e-02
-1.773463209861844995e-03,-2.045523325689104291e-02
-1.593566699045922096e-03,-2.045623093528958769e-02
-1.699015553743200282e-03,-2.069210315435348127e-02
-1.769433120146520497e-03,-2.052880288035506540e-02
-1.621441344737094064e-03,-2.050419883931312720e-02
-1.693645543687355469e-03,-2.053028855468357061e-02
-1.901973615061920177e-03,-2.062595831722667528e-02
-1.574061713399357897e-03,-2.066727769996772046e-02
-1.687492918828484506e-03,-2.078910211455670815e-02
-1.564613577312873359e-03,-2.078142161632320559e-02
-1.963091339145503055e-03,-2.075022774288164465e-02
-1.847112770016945318e-03,-2.077144717958063352e-02
-1.919250927910789821e-03,-2.057394810967790033e-02
-1.875799886356089262e-03,-2.067136774748935812e-02
-1.669268694968138386e-03,-2.078461710133149357e-02
-1.720191635378506790e-03,-2.076285133355609130e-02
-1.669658209044820379e-03,-2.080318745159050881e-02
-1.628756272686347978e-03,-2.065359293254949435e-02
-1.782611908972896002e-03,-2.088572408090344848e-02
-1.720780693662264877e-03,-2.078761566936356692e-02
-1.802273398354032339e-03,-2.088493690169954814e-02
-1.670521960064396587e-03,-2.086569599521841123e-02
-1.560345329778394787e-03,-2.082812819115300099e-02
-1.816493273081095467e-03,-2.081054607798150935e-02
-1.614363841293013722e-03,-2.066009250618730531e-02
-1.468789212232504216e-03,-2.060797302445653914e-02
-1.792425228453932906e-03,-2.037936182518881867e-02
-1.851286627798488489e-03,-2.044702331056861069e-02
-1.805649330376898030e-03,-2.044194992625347415e-02
-1.452376018376944945e-03,-2.020561967607725773e-02
-1.259357454780120258e-03,-2.023384805310522380e-02
-1.569758607249127809e-03,-1.999914217117437429e-02
-1.291951464691599169e-03,-1.995767019373966000e-02
-9.614184446891688596e-04,-1.959934741204243450e-02
-8.787590221526584040e-04,-1.959325928214561072e-02
-8.020894793262292859e-04,-1.942924558278394040e-02
-5.800873427860347639e-04,-1.925818109130545894e-02
-6.422735843894067202e-04,-1.931898719609224588e-02
-4.586924193121793983e-04,-1.938776780528749660e-02
-7.997119946592706795e-04,-1.982623767732630618e-02
-8.162082258003991193e-04,-1.945515007371709931e-02
-5.869750139893800721e-04,-1.932305600324685235e-02
-7.798534484527536127e-04,-1.920129511871624881e-02
-9.513334109196608813e-04,-1.931118872079819193e-02
-1.100437308375271832e-03,-1.949991247730353469e-02
-1.222276996258893963e-03,-1.966450200958359470e-02
-1.408357792184071217e-03,-2.012738635196793455e-02
-1.504536402642312181e-03,-2.001710927766611053e-02
-1.699406918360212189e-03,-2.019823572173164508e-02
-1.793123374205054295e-03,-1.984789001507967707e-02
-1.557935372480421165e-03,-2.000082276747598697e-02
-1.525739291702685792e-03,-1.989439239535259474e-02
-1.518003517779910935e-03,-1.972634385780094174e-02
-1.513595888120743138e-03,-1.967892241191741831e-02
-1.514333951993590381e-03,-1.957229332537190405e-02
-1.652491229639494559e-03,-1.977415908077912246e-02
-1.859888133617612063e-03,-1.980905108612619411e-02
-1.938363674950949753e-03,-1.975974422181424328e-02
-1.680301962781382327e-03,-1.976583195194612022e-02
-1.552173304980493558e-03,-1.951690155293632489e-02
-1.354358694287948698e-03,-1.955515172076081887e-02
-1.529493492502193800e-03,-1.930534726031582493e-02
-1.453389856086177235e-03,-1.916943380875841055e-02
-1.655403983159798535e-03,-1.923658947744757985e-02
-1.852587026313763392e-03,-1.953280463720892535e-02
-1.885128928749023672e-03,-1.963965517124980492e-02
-1.995467708408927773e-03,-1.961103972686327468e-02
-1.933656456952885213e-03,-1.943847936644439028e-02
-1.484900427356756472e-03,-1.898313475682634685e-02
-1.586806924702304162e-03,-1.920643401917707799e-02
-1.400089542266828206e-03,-1.901366527005775645e-02
-1.565749191829702907e-03,-1.921946050030805264e-02
-1.521383046745169217e-03,-1.928016707549805309e-02
-1.735811541589474738e-03,-1.940779600950535977e-02
-1.854208365782295713e-03,-1.962133321085811344e-02
-1.985934302825015027e-03,-1.921647508852876093e-02
-1.842927638845417385e-03,-1.918940485391158746e-02
-1.417190649820010981e-03,-1.898520073884515241e-02
-1.601857078187001512e-03,-1.899421549644013038e-02
-1.879012030116550313e-03,-1.913675732618413255e-02
-1.753809539014158448e-03,-1.897104880303033050e-02
-1.748453466175754756e-03,-1.923294955109119617e-02
-2.171938014479781950e-03,-1.940517678853209346e-02
-2.052271537554053830e-03,-1.922616254777371331e-02
-2.084686001218501086e-03,-1.883215135988623376e-02
-2.042688856354993830e-03,-1.880114498497918729e-02
-2.047153505500028028e-03,-1.888671730491087511e-02
-1.778987487967536273e-03,-1.895354883549250913e-02
-1.802322089263375202e-03,-1.898201929717954414e-02
-1.877950211131042529e-03,-1.894631478091082441e-02
nan,nan
-2.419869978615894323e-03,-1.921450056314915819e-02
-2.223001183265229004e-03,-1.906183469221052473e-02
-2.336673730979022586e-03,-1.886284104750878335e-02
-2.251258652010487606e-03,-1.816420286314505625e-02
-2.404965222850929778e-03,-1.855907779216300207e-02
-2.285830538963947237e-03,-1.859182827731362814e-02
-1.887634177878110909e-03,-1.838780457186673864e-02
-1.916392055378691268e-03,-1.794617781352919605e-02
-1.774157232918530764e-03,-1.847503602159297070e-02
-2.115296611041598412e-03,-1.863326780945674666e-02
-2.213688175763692343e-03,-1.866240586086961514e-02
-2.111082876295468716e-03,-1.829813784749475397e-02
-2.028893950983991137e-03,-1.817396952905673407e-02
-2.236451824951675525e-03,-1.811760608446669543e-02
-2.114232197087561726e-03,-1.796274452991758128e-02
-1.895450572915748609e-03,-1.804906390099510552e-02
-1.986633466711915444e-03,-1.792787347573340795e-02
-1.996055117387593621e-03,-1.795176111832665761e-02
-2.063874656183511871e-03,-1.792882303471310737e-02
-1.688804456848936849e-03,-1.773710721290755118e-02
-1.585482569040241613e-03,-1.784451074175578966e-02
-1.655190067169739565e-03,-1.749788978592465086e-02
-1.498104449577493174e-03,-1.756678772482440573e-02
-1.453933904478617789e-03,-1.742490864687105262e-02
-1.270586475037588457e-03,-1.750917199923094497e-02
-1.398363436188592964e-03,-1.737161315801144176e-02
-1.408384277657092568e-03,-1.744625659677780799e-02
-1.221924882042091593e-03,-1.712548623091486241e-02
-1.168263371121946439e-03,-1.702857491502707613e-02
-9.674122125898465107e-04,-1.687866186322897061e-02
-9.967315678338828280e-04,-1.679140357898492586e-02
-1.281422431300359519e-03,-1.696445905731759629e-02
-1.380587422589374044e-03,-1.688153624197971658e-02
-1.242273202451619173e-03,-1.689039436670167205e-02
-1.316932795437615340e-03,-1.682857998900196342e-02
-1.566510561296863930e-03,-1.669401151977820130e-02
-1.515645668917336378e-03,-1.685027826998132874e-02
-1.881508154417846834e-03,-1.668863932714476431e-02
-1.770839744787258523e-03,-1.672817190076332505e-02
-2.070451643162593558e-03,-1.706827660855183421e-02
-2.129649376608126581e-03,-1.717483753499543173e-02
-2.024296612641990172e-03,-1.697469279675194523e-02
-2.078842769556249036e-03,-1.714191922507164387e-02
-2.018954660727904568e-03,-1.717679199505559376e-02
-2.489363098278264946e-03,-1.731754190604065102e-02
-2.206230469807475905e-03,-1.710935139509763003e-02
-2.390990565530234577e-03,-1.687379580477747776e-02
-2.460375482260510061e-03,-1.697858609852722148e-02
-2.380117067620971926e-03,-1.669109976933906558e-02
-2.402319370184292056e-03,-1.699588179392347298e-02
-2.705948952069467221e-03,-1.718283058846271569e-02
-2.505069309216498719e-03,-1.727118840036204542e-02
-2.406649131251070630e-03,-1.708611023862075667e-02
-2.135560385641683406e-03,-1.673951224414732195e-02
-2.168096157037280314e-03,-1.657051931187809857e-02
-1.931628588728058179e-03,-1.659543902742763311e-02
-2.055877006159318073e-03,-1.693129838551566888e-02
-2.190046780098339405e-03,-1.655268727442080201e-02
-2.134844109036974219e-03,-1.646669603010265243e-02
-2.192274058313096671e-03,-1.673681191985475561e-02
-2.576370353494594843e-03,-1.676301652377492138e-02
-2.389578094070448754e-03,-1.674141343149176606e-02
-2.285843093491294210e-03,-1.631387741143156683e-02
-1.994574590461331131e-03,-1.641903705767540356e-02
-2.092394750676489310e-03,-1.605005587214867330e-02
-2.293799776100673756e-03,-1.620596707127711783e-02
-2.349883157468763382e-03,-1.629874655060432193e-02
-2.557552541047086736e-03,-1.650722094031992909e-02
-2.643840667577053698e-03,-1.678487538088321157e-02
-2.763698142710444353e-03,-1.668004729520043347e-02
-2.330303396611952630e-03,-1.651315835002490490e-02
-2.277298048493050370e-03,-1.624755318569786819e-02
-2.235668580431486412e-03,-1.644387422314371600e-02
-2.226323610166673801e-03,-1.630902013196841929e-02
-2.194177062327563529e-03,-1.622839195497976020e-02
-2.308173047250560838e-03,-1.635608567908818783e-02
-2.329261009062021971e-03,-1.638267837060328191e-02
-2.361390786573732033e-03,-1.676220592042105759e-02
-2.525000837360227932e-03,-1.655403821682384369e-02
-2.344551105208975052e-03,-1.653165016611316332e-02
-2.144409403402524391e-03,-1.616409089878915670e-02
-1.993932309625913793e-03,-1.626002202874739233e-02
-2.256918668061296505e-03,-1.631629210269216687e-02
-1.912852203064023754e-03,-1.626782931420640843e-02
-1.911688173458108049e-03,-1.616042621391702849e-02
-2.176109139437534725e-03,-1.632751746535435894e-02
-2.269732159896715659e-03,-1.638288044436145979e-02
-2.048219629628558920e-03,-1.626837712628854266e-02
-1.972216711785633632e-03,-1.614266437119898576e-02
-1.855971312452881807e-03,-1.595367503762824130e-02
-2.110731519389119626e-03,-1.599420042312007378e-02
-1.837726519534776124e-03,-1.595220516234133190e-02
-1.765846842801505404e-03,-1.585240335888859695e-02
-2.011541289058540061e-03,-1.595292715227613137e-02
-1.995571417656276120e-03,-1.626026930762750761e-02
-2.061957776553560717e-03,-1.621729573191927828e-02
-2.169150031513236796e-03,-1.604502886015788526e-02
-1.809650941551723411e-03,-1.611727944309367111e-02
-1.855972989429367868e-03,-1.599591677048284658e-02
-1.544434027978213407e-03,-1.591702997267558164e-02
-1.595339948562868098e-03,-1.570925320910616582e-02
-1.770160085440512744e-03,-1.573085414945941257e-02
-1.979729603962776443e-03,-1.608724535606147546e-02
-1.751011572293778573e-03,-1.598428402478940802e-02
-1.579374882580790278e-03,-1.584848329474927014e-02
-1.395562678749734300e-03,-1.556727564649870894e-02
-1.218449190461297262e-03,-1.552109604313952999e-02
-1.156059215016139955e-03,-1.531232129204266115e-02
-7.505599136821802971e-04,-1.522539337929847830e-02
-8.708338242314122906e-04,-1.517038537263145845e-02
-6.268955159242669932e-04,-1.520030998767722685e-02
-4.748293046375156971e-04,-1.532019937467403274e-02
-5.139600265483668497e-04,-1.529957590859812484e-02
-4.328874581525421266e-04,-1.519016308754584862e-02
-4.836441281617889949e-04,-1.507078000981133120e-02
-6.500152733934980425e-04,-1.517573031175584695e-02
-7.026112730813677525e-04,-1.505124872134960302e-02
-6.290857219378931863e-04,-1.525883164420617673e-02
-6.191159913579172497e-04,-1.547188492862472398e-02
-1.072080402212157672e-03,-1.557629673212567421e-02
-1.259645996212165270e-03,-1.563927307054819443e-02
-1.324445235963522642e-03,-1.564467804805330306e-02
-1.364843218654192541e-03,-1.566338841767273005e-02
-1.434421097882092799e-03,-1.541751664584512481e-02
-1.294628264234084190e-03,-1.552145999471528717e-02
-1.597202787689762414e-03,-1.568515992768015205e-02
-1.224946719717622499e-03,-1.561576020027429651e-02
-1.521207925537177612e-03,-1.559937354345108246e-02
-1.673765193580055433e-03,-1.548748367846150206e-02
-1.597359247370890934e-03,-1.548606904359948674e-02
-1.566333972995934305e-03,-1.537460730139839776e-02
-9.848877165510791509e-04,-1.532132241643180577e-02
-1.345686607386715810e-03,-1.544755249291118737e-02
-1.516204559863897159e-03,-1.555959320638066780e-02
-1.343872920529507950e-03,-1.544047586599721009e-02
-1.467680592508580247e-03,-1.540098591125046469e-02
-1.164898784199877059e-03,-1.557693749658087788e-02
-1.463810456722063015e-03,-1.551195876039173152e-02
-1.130433823567040218e-03,-1.512153745584152859e-02
-1.524581771961818150e-03,-1.529888002154342758e-02
-1.009911543436494644e-03,-1.495732452877410711e-02
-1.389741553544918346e-03,-1.507608438894994171e-02
-1.222381360277964395e-03,-1.517697707331878282e-02
-1.415518719551045641e-03,-1.491613210684396632e-02
-1.410732534705028346e-03,-1.499476314455570197e-02
nan,nan
-1.482323327759972826e-03,-1.489739533054307979e-02
-1.460511509992775498e-03,-1.468279183344128880e-02
-1.178404912820416560e-03,-1.479385902106690118e-02
-1.177453412992619450e-03,-1.466357351153020974e-02
-1.013261115815973458e-03,-1.459592312467473951e-02
-1.140522335070751894e-03,-1.492318922236782718e-02
-1.585274778729638730e-03,-1.461195659088874305e-02
-1.690270885678654125e-03,-1.471624259367661572e-02
-1.760471196847841410e-03,-1.474403846724182607e-02
-1.570992931640238484e-03,-1.475591344685563133e-02
-1.288055593193024838e-03,-1.462973574589728105e-02
-1.209725146763119055e-03,-1.459244679864755284e-02
-9.167251752987662415e-04,-1.472227455739633616e-02
-1.078521489341427225e-03,-1.467133043827727884e-02
-1.206164994161705670e-03,-1.472214150547841195e-02
-1.235568081345900758e-03,-1.464194406281037891e-02
-1.368335497247270523e-03,-1.474756140100296278e-02
-1.343760698984680950e-03,-1.459575401502179876e-02
-1.446512093197931418e-03,-1.451349436615356932e-02
-1.292696235299643998e-03,-1.421667511043402804e-02
-1.094738035138302038e-03,-1.397695540109728483e-02
-1.036659730593464954e-03,-1.423052247252027877e-02
-1.036452208885802742e-03,-1.427021426461016519e-02
-1.148681061811612607e-03,-1.413382372834853969e-02
-1.486757621759317869e-03,-1.401966540289886591e-02
-1.769948264523188430e-03,-1.412178037540105097e-02
-1.889278367316491554e-03,-1.392816558691079877e-02
-1.726650821878641896e-03,-1.393622589685109166e-02
-1.539780508474594169e-03,-1.355979303374249371e-02
-1.617544727643499547e-03,-1.351891204177693012e-02
-1.666325682902268556e-03,-1.346043914960419127e-02
-1.518629234079949290e-03,-1.356838042523717848e-02
-1.188070450647730125e-03,-1.369143503621488012e-02
-1.658823256097000836e-03,-1.385682437243092660e-02
-1.803350089113216160e-03,-1.399315691616027056e-02
-1.741924247886384759e-03,-1.381196087680767841e-02
-1.709112026470340287e-03,-1.339368650800254641e-02
-1.759133051662334531e-03,-1.313788173973819140e-02
-1.628309181039058404e-03,-1.315632700192788038e-02
-1.647332661523675298e-03,-1.323394476159408389e-02
-1.633566988544515267e-03,-1.333233245966087589e-02
-1.297291655579405328e-03,-1.314963826549855365e-02
-1.195198304318224013e-03,-1.333834603106883766e-02
-1.081558157665524992e-03,-1.328344786876924782e-02
-1.354219715473631118e-03,-1.274285610318609541e-02
-1.107489386815118044e-03,-1.250188668144768846e-02
-1.007735373695289611e-03,-1.228590934476711180e-02
-1.244428716440492983e-03,-1.248087341601570449e-02
-1.205992677550080192e-03,-1.222036540269732033e-02
-1.050737632388121191e-03,-1.225095075705797190e-02
-1.188720228950689668e-03,-1.229364828697610858e-02
-1.286360018348197158e-03,-1.211401161662736987e-02
-1.140269367986726772e-03,-1.239722481868665849e-02
-1.144707340948918637e-03,-1.214607888306366845e-02
-1.196800587072400709e-03,-1.231207720936391276e-02
-1.419915929873769023e-03,-1.222556139815366393e-02
-1.636502994630053198e-03,-1.251295320746522756e-02
-1.874130238858755801e-03,-1.241463893148638149e-02
-2.052155847922376795e-03,-1.234807741430841814e-02
-2.384534222378478698e-03,-1.233854597298926492e-02
-2.466706939329251034e-03,-1.239074393122364948e-02
-2.285978359816486644e-03,-1.235586101108047952e-02
-2.154244203380200739e-03,-1.205349454852711229e-02
-2.125035727283418763e-03,-1.247583085880803883e-02
-2.313599781078627508e-03,-1.249501668276323946e-02
-2.299791936634146793e-03,-1.255184563937360512e-02
-2.306168227899787950e-03,-1.233474352369914179e-02
-2.355078319793536736e-03,-1.243858806661010848e-02
-2.430056762130482304e-03,-1.227884701786530891e-02
-2.113389073165318228e-03,-1.208475162152174154e-02
-2.224035951921749400e-03,-1.195004205580003920e-02
-2.170191924717350569e-03,-1.196948040871595280e-02
-2.375470759135558853e-03,-1.205322006110367411e-02
-2.472517306615801790e-03,-1.183697730003484966e-02
-2.563853145867127023e-03,-1.189644874439143955e-02
-2.298711929061035726e-03,-1.199300290369403194e-02
-2.279342815209134746e-03,-1.229337223537225153e-02
-2.472891914810873386e-03,-1.191967395120210362e-02
-2.525900482529276278e-03,-1.178468121979579092e-02
-2.279570305734847889e-03,-1.165238969257400767e-02
-2.562981739231272749e-03,-1.168394519855824737e-02
-2.547318119995522871e-03,-1.158098697903896246e-02
-2.401374301692365057e-03,-1.188900105899502561e-02
-2.603025730064711506e-03,-1.174268936823676113e-02
-2.853868334161421480e-03,-1.173195781907632705e-02
-2.451952885553344928e-03,-1.159320061320925389e-02
-2.787195121259296565e-03,-1.156900709283987388e-02
-2.650198897221752933e-03,-1.144742197628163989e-02
-2.761119387175692361e-03,-1.140104111589331989e-02
-2.489639422393806652e-03,-1.135460362163105349e-02
-2.617469090179319179e-03,-1.129386270275790222e-02
-2.388739784827370160e-03,-1.155546055070633647e-02
-2.457208897929375607e-03,-1.132475227394275259e-02
-2.594178731606637620e-03,-1.156375707237894228e-02
-2.678211291273219739e-03,-1.149125541678497862e-02
-2.494219981622737732e-03,-1.118682013270318187e-02
-2.504709342814142453e-03,-1.116261831407849674e-02
-2.581783940415929412e-03,-1.092307673895010108e-02
-2.679754820546036403e-03,-1.102696273482339957e-02
-2.499100628543415425e-03,-1.102555798001953087e-02
-2.490901690038531315e-03,-1.119382434823231083e-02
-2.831911908220404589e-03,-1.107240924008469005e-02
-2.704554041218970150e-03,-1.129400901604038325e-02
-2.712829784411228615e-03,-1.096436899131457941e-02
-2.431176877217584333e-03,-1.091380287764607063e-02
-2.416009366249282850e-03,-1.064183017715772221e-02
-2.206189094777022928e-03,-1.067532945958940202e-02
-2.245969527759292435e-03,-1.065928844030003889e-02
-2.349730754356049809e-03,-1.060695673865134740e-02
-2.582134614307883460e-03,-1.080766140428015068e-02
-2.663699599738299662e-03,-1.079282235648181508e-02
-2.396959055093102111e-03,-1.094601612633226001e-02
-2.269292735029020732e-03,-1.071400563313605267e-02
-2.173957522850857027e-03,-1.073038117096658528e-02
-2.009276572449338744e-03,-1.042408661427919603e-02
-2.176417879221271678e-03,-1.043196713836402195e-02
-2.128700624606294934e-03,-1.038445848865478423e-02
-2.245278774511618326e-03,-1.045616334454668901e-02
-2.352597454517893916e-03,-1.058798451489047568e-02
-2.343815097517402534e-03,-1.068320988681537714e-02
-2.091505279021042395e-03,-1.048282029224041102e-02
-2.269111407833358969e-03,-1.037816984423029811e-02
-1.744190019235405432e-03,-1.018828764518214976e-02
-1.813408822124341338e-03,-1.000409401251804546e-02
-1.625401123271040570e-03,-1.012614708529591817e-02
-1.802660531814330187e-03,-1.009161392142351489e-02
-1.367941864883603659e-03,-9.965126103630013790e-03
-1.542278513827429831e-03,-9.954518966928154605e-03
-1.310383776609923322e-03,-9.894422196919617704e-03
-9.359382871520257729e-04,-9.815605710144732765e-03
-1.002763897235776176e-03,-9.824386325653626517e-03
-7.490000600878684829e-04,-9.266075961490413682e-03
-8.606001554947584472e-04,-9.220274609757210527e-03
-9.544399619729154564e-04,-9.376318796925684970e-03
-9.170724670943469293e-04,-9.241395701228071607e-03
-8.383989746014339174e-04,-9.483775074387905402e-03
-1.109617726258715735e-03,-9.431075099413774657e-03
-1.333877277036445890e-03,-9.598030053858574301e-03
-1.294438679616206379e-03,-9.455476053010353904e-03
-1.639925170837627441e-03,-9.732362546278459578e-03
-1.590341041927072164e-03,-9.603633984675468208e-03
-2.016029444732988195e-03,-9.737300417866644880e-03
-1.770866291699658632e-03,-9.434093649400615914e-03
-1.985315399088101625e-03,-9.678737249931668868e-03
-2.271448040194295071e-03,-9.685032709029491038e-03
nan,nan
-1.995822286100436705e-03,-9.696501783658172807e-03
-2.029762063939919824e-03,-9.645816040941713326e-03
-1.803544686452631740e-03,-9.525756508110298434e-03
-1.603916499082713894e-03,-9.587981271388525129e-03
-1.655438289921928223e-03,-9.697268060242915030e-03
-1.771944712386336893e-03,-9.617382868517923220e-03
-1.630963939577820526e-03,-9.734108484620361199e-03
-1.681731762391212122e-03,-9.465258723128956719e-03
-1.424438717457178179e-03,-9.500882892521263917e-03
-1.396811367342452870e-03,-9.384628511082770616e-03
-1.358737304010133960e-03,-9.311404820069042743e-03
-1.254576671900478266e-03,-9.392512397380011271e-03
-1.655584213408810247e-03,-9.335174510649192972e-03
-1.715063179118962895e-03,-9.336891205502453536e-03
-1.722676332079714663e-03,-9.412427881693132686e-03
-1.848502378276488172e-03,-9.321194350859185115e-03
-1.788312887545199245e-03,-9.154399872098371513e-03
-1.476239571042883185e-03,-9.134118388216873677e-03
-1.314559679042753317e-03,-8.915484093973255822e-03
-1.238625937682391511e-03,-9.010702757919691192e-03
-1.262880927210049921e-03,-9.005713759257885989e-03
-1.383457860367212850e-03,-9.047911632700413390e-03
-1.621987536739036111e-03,-8.962014319200821075e-03
-1.598750213485621886e-03,-9.144222488779909369e-03
-1.507052470072377985e-03,-8.925986551291138077e-03
-1.445001331968630764e-03,-8.852087189349967800e-03
-1.681435178932054724e-03,-8.689606776469648020e-03
-1.492911604666828087e-03,-8.482707063333112113e-03
-1.285793590537321653e-03,-8.623052758775912735e-03
-1.184180823819221996e-03,-8.490488844775158708e-03
-1.674427246287143491e-03,-8.619490937101950342e-03
-1.607600707259919728e-03,-8.458727828937105675e-03
-1.649234102158028421e-03,-8.688164088675459293e-03
-1.742412685291357122e-03,-8.679796767474866684e-03
-1.604446083229419924e-03,-8.457342044582632362e-03
-1.481768182694023599e-03,-8.155620116143768791e-03
-1.127424444152533029e-03,-8.316170092493106389e-03
-1.354983818142228586e-03,-8.162007951187299701e-03
-1.488909354206613108e-03,-8.383048949451275128e-03
-1.538098205345235720e-03,-8.211586166419555105e-03
-1.589729975251588700e-03,-8.378388572029146775e-03
-2.054353512546018730e-03,-8.264923053324700966e-03
-1.640083118487879743e-03,-8.184043729011601306e-03
-1.370222021487927907e-03,-7.791227940205357541e-03
-1.644718068543574120e-03,-7.764087615539387068e-03
-1.135898023759273831e-03,-7.702519952693710065e-03
-1.147902487820943486e-03,-7.694118827253725382e-03
-1.396920279524870327e-03,-7.885613272437464599e-03
-1.564773202354831881e-03,-8.009413568571226508e-03
-1.481787130510448186e-03,-8.049706199851907815e-03
-2.007668266580646659e-03,-7.988708072755789855e-03
-1.905276279119995364e-03,-7.690472627766747719e-03
-1.909695438029452869e-03,-7.466922545791038202e-03
-1.526587344646888108e-03,-7.380577801510837879e-03
-9.940040163715351419e-04,-7.182362232878840638e-03
-1.494505161500277917e-03,-7.582724704174460817e-03
-1.772517417844823558e-03,-7.466614822629411528e-03
-1.623396792457794738e-03,-7.422986415916269648e-03
-2.153615463832261011e-03,-7.479800731532905422e-03
-2.068430339671575163e-03,-7.367715656699438259e-03
-1.965526931351928731e-03,-7.083615971742867300e-03
-1.754643140931512729e-03,-6.916522840298369550e-03
-1.644392712621320840e-03,-6.656419323798214160e-03
-1.346642059235225774e-03,-6.365705983641893780e-03
-1.216806287761644989e-03,-6.809955501215499141e-03
-1.306253122853368595e-03,-6.740137309288971382e-03
-1.287955718073752285e-03,-6.936399515523133073e-03
-1.817217972744848741e-03,-6.580956301612688603e-03
-1.255215880824305701e-03,-6.534273517548132987e-03
-1.076923968581739366e-03,-6.127641023353553977e-03
-1.425844834728267957e-03,-5.988666914940233947e-03
-1.410060787552352415e-03,-5.826636063107005353e-03
-1.168202280454707113e-03,-5.848434870527183770e-03
-8.956428754642830866e-04,-5.928466778847356691e-03
-1.383105292887101215e-03,-5.960646561786095074e-03
-1.580311066332482301e-03,-6.280919476533098830e-03
-1.798045644189382678e-03,-6.493798189867672210e-03
-2.053051947731631636e-03,-6.376262567484770709e-03
-2.119023801264602238e-03,-6.478965973942185305e-03
-2.287103447682630950e-03,-6.615049046435140905e-03
-2.050885904979781339e-03,-6.334996852091300153e-03
-1.923514417062950448e-03,-6.417152790362958860e-03
-2.245271079006449892e-03,-6.254372811990720551e-03
-2.114168927391303545e-03,-6.347092136008932774e-03
-2.348358244489135143e-03,-6.276846336143807221e-03
-2.451128702446087309e-03,-6.395238188728838251e-03
-2.414430805029338725e-03,-6.385303477844016251e-03
-1.922378609323865430e-03,-6.302154445324687632e-03
-1.765966075219822014e-03,-6.015836010341209759e-03
-1.847852624196244043e-03,-5.977531685124663936e-03
-2.089175106399021077e-03,-6.069258501143569469e-03
-2.410245296690192909e-03,-6.201421251439721838e-03
-2.467000564864295538e-03,-6.110574492887558586e-03
-2.288400608043532521e-03,-5.899668131576352517e-03
-2.413521494364032852e-03,-5.871597888973623981e-03
-2.320083086209839742e-03,-5.715953516739652115e-03
-2.313844605447211260e-03,-5.632301645429070580e-03
-2.159980059164123833e-03,-5.575705390126057572e-03
-2.314401374761913995e-03,-5.698557943371005373e-03
-2.457674716879380480e-03,-5.725148907011595387e-03
-1.998755853385435731e-03,-5.649008907397347866e-03
-2.175513247137827576e-03,-5.768884159522602757e-03
-2.105603326552803189e-03,-5.558358820462398764e-03
-2.221820481675009125e-03,-5.606330546227099657e-03
-1.992498543121325790e-03,-5.374774366803026886e-03
-2.129409094434025346e-03,-5.280669270347324376e-03
-2.237707770229528832e-03,-5.319775529585009204e-03
-2.452084424685843991e-03,-5.353933226891903659e-03
-2.608746564220681789e-03,-5.470294859714273407e-03
-2.377105638250734832e-03,-5.345208254096329645e-03
-2.021808076832961806e-03,-5.423665039359691978e-03
-2.561214465095975647e-03,-5.052476199056064356e-03
-2.367111126608205125e-03,-5.114104517735152018e-03
-2.215074340885898972e-03,-5.076477871232981838e-03
-2.068263933974209476e-03,-4.862908411644401713e-03
-1.767894205723005360e-03,-4.763611123012607973e-03
-1.940420869761614285e-03,-4.780565009171455770e-03
-1.798652121289133661e-03,-4.721779299014858614e-03
-1.755713675427672451e-03,-4.718163232144408775e-03
-1.696197014407228214e-03,-4.618894347911945038e-03
-1.358272171740082220e-03,-4.340556075778359904e-03
-1.758584511014565617e-03,-4.496484396829345670e-03
-1.618763706204411415e-03,-4.291725364364055995e-03
-1.462024999013358285e-03,-4.472655978876820607e-03
-1.606484390434695679e-03,-4.315354932466474239e-03
-1.589599492010517747e-03,-4.549177438276839902e-03
-2.074102179440504966e-03,-4.565673416765319431e-03
-1.668080544158382587e-03,-4.563764885144714137e-03
-1.602206752714791438e-03,-4.270854123298786255e-03
-1.475628552783873676e-03,-4.238276683414553270e-03
-1.645476232559747167e-03,-4.348395036067509781e-03
-1.207933196803336875e-03,-4.162577525997766814e-03
-1.379059779770973023e-03,-4.012459077814858194e-03
-1.596661897196590112e-03,-4.256076877513674701e-03
-1.572321259280990129e-03,-4.320452881929187465e-03
-1.667416266697895229e-03,-4.201598154269538948e-03
-1.630525450978403349e-03,-4.211840051049541012e-03
-1.353273510757336054e-03,-4.170496672812259997e-03
-1.081022339067141610e-03,-3.982374275227574568e-03
-1.225324692677719294e-03,-3.898223664287445069e-03
-1.408862982442327669e-03,-4.210422814095855955e-03
-1.457432099961519572e-03,-4.096610583243953663e-03
-1.543625903771893336e-03,-4.161427062896082968e-03
-1.824753326567900248e-03,-4.232483705646388969e-03
-1.363332607820836066e-03,-3.872768686892402723e-03
nan,nan
-6.013617102444599426e-04,-3.362476132751904181e-03
-1.762643397109964259e-04,-3.129591831705112910e-03
-1.557643732055197325e-04,-3.437951425203604819e-03
-1.810561471018831605e-04,-3.613373569742401713e-03
-2.607976065137757298e-04,-3.421640222535164439e-03
-5.110166461142023843e-04,-3.432201102426037879e-03
-9.154279987244146001e-04,-3.831216023411270020e-03
-7.606321388948203595e-04,-3.332839724972316755e-03
-8.759201555541079815e-05,-3.148920604575633844e-03
1.469581436466171822e-04,-2.906789386876842528e-03
-7.425195869013162531e-05,-3.176888608245869577e-03
-3.540308735257094181e-04,-3.152876822235822600e-03
-2.170198058557237753e-04,-3.131438867450880934e-03
-4.702534318803294712e-04,-3.484627558799968661e-03
-1.181760065853455733e-03,-3.837912952241577871e-03
-9.679293435226866103e-04,-3.795103414741056360e-03
-7.608100374913012980e-04,-3.449568481481333181e-03
-6.109080592326041319e-04,-3.565753727844249345e-03
-6.799122405190513628e-04,-3.565363198032051473e-03
-2.590227871644970787e-04,-3.376483934654983185e-03
-7.139954283580912230e-04,-3.385714927058453613e-03
-5.628964919259249206e-04,-3.480500833271068118e-03
-7.533593778328265440e-04,-3.335443292697689438e-03
-8.586679747973890997e-04,-3.448006725833791496e-03
-7.183759292203875310e-04,-3.339947026533990511e-03
-7.097560652015988663e-04,-3.515454019544056799e-03
-3.018818491234770353e-04,-3.191338425279214349e-03
-2.057261094107332286e-04,-3.067308843852761899e-03
-5.933125560087429808e-04,-2.960687508248053060e-03
-3.072808545111396891e-04,-2.873295838956572718e-03
-4.449229427467160810e-04,-3.083076930680519329e-03
-2.598051495502298898e-04,-3.168111937856403579e-03
7.191169062782110066e-06,-2.869979864761310669e-03
-3.423092914250219776e-04,-2.934743815137782433e-03
-5.487299707960141852e-04,-2.749134873274936171e-03
-4.851440950742172322e-04,-2.927910263729926500e-03
-4.520777228472244616e-04,-2.601005243649054909e-03
-6.182262430278276117e-04,-2.601952410154880803e-03
-5.220903277346606013e-04,-2.611508022105435336e-03
-4.922383950088787818e-04,-2.790773522243980131e-03
-6.649108197694380976e-04,-2.863405138006938633e-03
-8.105550384425746656e-04,-2.769555389338082974e-03
-6.605861124944706689e-04,-2.705946064703511518e-03
-7.277304798550162908e-04,-2.480322762431607948e-03
-5.408030532824909063e-04,-2.411873916353379603e-03
-4.864874876253927208e-04,-2.417692158808880040e-03
-9.647497229344936429e-05,-2.315944762392026582e-03
-3.169091769739665527e-04,-2.334567083722290451e-03
-8.560633029911557986e-05,-2.289566874991300158e-03
-1.040155445326931870e-04,-2.047553054604010683e-03
1.119410072378801402e-04,-2.146572305481730860e-03
-2.733942367276092950e-04,-1.968185163529366597e-03
1.102356456626987796e-04,-1.747829930202222980e-03
-1.476485730058690784e-04,-1.929394304823671370e-03
1.414622133117107651e-04,-2.083215136214712493e-03
1.033475200369868329e-04,-1.993850316032682365e-03
4.075160126857824437e-05,-2.040859346795397856e-03
-3.314291083605847205e-04,-2.088691963322797558e-03
-1.716847477657454466e-04,-2.088880687543852137e-03
-2.464354199368770822e-04,-1.706817906450927786e-03
6.207530752732559013e-05,-1.432253566123894159e-03
-5.354007883030087429e-05,-1.571672371820072214e-03
1.088853693803468241e-04,-1.544838643809955852e-03
-2.157060421671427950e-04,-1.701621390517132036e-03
-2.114712197082743825e-04,-1.403560815153757956e-03
-1.442867366338831849e-04,-1.244527161683292886e-03
-1.842037220103653926e-04,-1.449010539879928014e-03
-1.422074366808989763e-04,-1.191699279451429502e-03
-6.200891963527050289e-05,-1.183617409062396675e-03
-1.537041227355528993e-04,-1.229843443391727192e-03
-1.818779439111878392e-05,-1.143492531646445693e-03
-5.416671795338862415e-05,-1.329789362791577436e-03
-4.666323571467267711e-04,-1.466884081709759948e-03
-1.105526112410459860e-04,-1.053317210171569396e-03
-1.673274857133560836e-04,-1.263056318422950582e-03
-7.265275839512558450e-05,-1.165193611945453426e-03
nan,nan
1.211403901328095305e-04,-7.525794970093904225e-04
3.419253752206832765e-04,-3.782546405664480435e-04
1.532505948523699016e-04,-8.201832725496738469e-04
5.295088421435939410e-04,-6.580134101196219009e-04
1.507422217470849558e-04,-8.367990063824057214e-04
2.125967425927188724e-05,-9.848874924240596899e-04
1.407482682295313611e-04,-8.265395227616109588e-04
7.400096698168148832e-04,-1.489325497560339937e-04
9.618368533389414854e-04,-1.258962870115290609e-04
1.090828590786360438e-03,1.762560074899441451e-04
9.566972339995902718e-04,7.265183030152499619e-05
1.233568552761468099e-03,2.015983771825238921e-04
8.973604520094702591e-04,2.901263074254645206e-05
4.311758493165845679e-04,-5.625470286059086909e-05
2.763902872301407694e-04,-2.758624390747507695e-04
4.221562134016709831e-04,-3.295280030737091000e-05
6.728135783419131755e-04,3.432573975836955365e-04
8.392444701334528419e-04,6.925414072397964322e-04
4.275840797084137562e-04,1.857568628240080435e-04
3.963683618319702260e-04,5.418671800971994364e-04
3.896822571811920061e-04,4.503086964553945615e-04
2.397376748435620119e-04,3.569962788199548581e-04
2.053544962432982026e-04,7.657048214441408165e-05
2.485332644875451469e-04,2.230204736125809730e-04
2.348313369404666996e-04,2.653319205143736537e-04
1.794458200739173977e-05,2.969062692583421237e-04
-4.870519857674310445e-05,2.951650724995752558e-04
-2.085014518727446140e-04,4.198370534858000976e-04
1.139013941281635833e-04,6.506863988697394671e-04
1.886050621655202639e-04,7.879917715892614891e-04
-8.610693330081964562e-06,3.821285909712576864e-04
-2.147315852181688614e-04,4.000603154402437921e-04
-1.081580607962909246e-04,2.351089015875609692e-04
-1.997466223395649677e-04,5.930494323125831994e-04
-1.200083829587111838e-05,4.859075090483963664e-04
2.014097991344141012e-04,9.886610542181994282e-04
2.215301107686917738e-04,7.521651428119274915e-04
-3.601390651384239945e-04,9.348653293013337072e-04
-3.332589382472944868e-04,5.970583008155231275e-04
1.698414896530661699e-04,9.633340964935791211e-04
-9.241925812331280377e-04,5.765996551094582307e-04
-6.990466263494324317e-04,7.852676465617150579e-04
-4.139919899336924744e-04,1.128002934370917138e-03
-3.374661786022067791e-04,1.074865882818198471e-03
-2.400983443149407124e-04,9.834504079589733230e-04
7.395995771347058209e-05,1.220035675653287615e-03
-2.456723232307275588e-04,1.091258723187958418e-03
-1.804730151795289170e-04,1.232899179660915459e-03
-7.883077269749863124e-04,8.095183505337686346e-04
-5.174681185535518358e-04,9.490385431045075771e-04
-3.146297022386837332e-04,1.375843971909388114e-03
-1.843360838529592492e-04,1.481992460212449864e-03
-2.380648770528712090e-04,1.474892168474522310e-03
2.024929870896796593e-04,1.736340961429352426e-03
1.119057197003164801e-04,1.668619592507727218e-03
7.982974042191615918e-06,1.639126008325047547e-03
3.207845050735180672e-04,1.964275890656733831e-03
-2.800272412885693326e-04,1.551464118643956433e-03
-4.140165240718829648e-04,1.697108491832544650e-03
2.804891855642846726e-04,1.942952071360607704e-03
3.628399881827851117e-04,1.938051099267406024e-03
-3.211680868400595832e-05,1.673259308963862815e-03
2.218287407701330236e-05,1.801396216154294364e-03
3.845599495962578841e-04,2.004075684215850771e-03
2.292389390953775141e-05,1.819275302420187606e-03
-3.212547106052343480e-05,1.931867410907906098e-03
-1.639927298333757120e-04,1.986433456524766463e-03
2.847306793109952248e-04,2.247253728150817257e-03
nan,nan
1.412041708052980181e-04,2.260276669389504629e-03
1.169694660730399822e-04,2.331277286267617772e-03
2.244932629222770560e-04,2.380410999327874262e-03
4.415649968165114166e-04,2.464945495354627612e-03
-1.736650909231127193e-04,2.178484151822963986e-03
-5.617606547976619624e-04,1.959207277480949812e-03
-2.521218860455126838e-04,2.168924027279759206e-03
-3.623859300896284234e-04,2.512762631798204447e-03
-4.476425583098200822e-04,2.324732754898242368e-03
-4.263633458904753028e-04,2.349419603950959716e-03
-2.885214342769068323e-04,2.030122059330197529e-03
-2.578614376562285491e-04,2.268112751677107790e-03
-2.009323187686123838e-04,2.242771057330443952e-03
-5.695522145619089007e-04,2.191741570413208509e-03
-4.954563998565902428e-04,2.360069987922301053e-03
1.414389039999480833e-04,2.902951774640491912e-03
1.179219772488066014e-04,2.850897562151952832e-03
-1.804607950979358855e-04,2.890806367363532060e-03
5.338291491446187347e-04,3.518538617764965792e-03
3.662912429096035444e-04,3.626759048044367762e-03
5.258306701091116720e-04,3.662815198956747165e-03
7.300445622056417469e-04,3.834676514498783391e-03
7.292392532939923500e-04,3.491040795752427001e-03
8.179923405825828856e-04,3.532045175690784553e-03
1.190320726108831184e-03,3.775768862975272932e-03
7.162830180735019637e-04,3.734208413853460327e-03
6.401547988740513128e-04,3.790846112017413633e-03
6.904113220006111119e-04,3.913984213586974188e-03
4.805555132382999185e-04,3.768109518030167329e-03
6.343640259973027263e-04,3.905563630588325830e-03
4.072138472923680680e-04,3.663608184577686524e-03
5.551391161609151546e-04,3.711167013662447934e-03
6.747641548648458882e-04,3.844470512721656803e-03
5.884108864586376541e-04,4.158119978344985805e-03
3.737271043042431073e-04,3.884363681139024575e-03
2.226765300466449019e-05,3.933293325149855857e-03
2.565560414913387001e-04,3.784471781109957286e-03
2.484762028641213051e-04,4.093183934767520571e-03
2.461256787521098752e-05,3.797681815514183760e-03
2.719060443530460654e-04,4.151105455218470977e-03
1.494899004707392245e-04,3.942642155969342151e-03
1.069383233123527593e-04,4.060298452559691490e-03
4.518873556148706046e-04,4.157735090131240221e-03
3.129081731733349180e-04,4.359321229552968850e-03
5.141428349748355681e-04,4.527232787992904392e-03
6.011218989773911515e-04,4.531577480708842698e-03
7.196399177675050045e-04,4.609264202249827198e-03
2.732288709053174065e-04,4.409957807301337698e-03
4.159205448337177625e-04,4.561560539548707022e-03
5.197334026751209823e-04,4.958758477993870789e-03
3.201641794766443816e-04,4.613143362135313161e-03
6.691981556734943578e-04,5.150421501463939462e-03
5.676828860193400533e-04,4.991018307965427309e-03
9.922482703156952199e-04,5.347922374316510692e-03
8.402514472057736900e-04,5.220594273660080983e-03
5.639539521955754930e-04,5.122095781441271187e-03
5.146868835121334472e-04,4.753065612128635001e-03
6.472003104821216855e-04,5.141155455807431413e-03
9.671052292087132119e-04,5.297662169381570259e-03
8.608130021769211729e-04,5.220822831862141633e-03
7.641530446627090240e-04,5.248264207313521265e-03
7.965904117575559095e-04,5.411726130728797962e-03
7.070991194960768661e-04,5.185982455976956285e-03
9.648327639434955885e-04,5.319695340230526197e-03
8.187329931927578210e-04,5.245931990078769522e-03
9.828802850447224126e-04,5.183171352066909786e-03
1.148870875749295100e-03,5.464112485067004928e-03
1.341229522437119596e-03,5.442355595038673999e-03
1.379793036264948761e-03,5.658426615166379896e-03
1.464642435528193962e-03,5.669381070724267835e-03
1.325385982305111272e-03,5.867154837158126100e-03
1.332987086673400982e-03,5.781107133929164373e-03
1.236387037555167993e-03,5.835354750526440537e-03
1.328540813744977451e-03,5.682098008049220154e-03
1.139108617160788624e-03,5.508976448807742336e-03
1.091939138680566267e-03,5.616988434852047442e-03
1.236766230628288639e-03,5.679341241770579328e-03
8.118005381391000131e-04,5.509754919727018023e-03
1.269080150633454616e-03,5.727802117120207349e-03
1.402012709243541724e-03,6.012954111421931619e-03
1.132707678825052100e-03,5.755083706297819089e-03
1.214196444021220685e-03,5.826244803066101853e-03
1.401311231180357112e-03,6.032029957855193983e-03
1.384629224665033607e-03,6.187599048749835989e-03
1.462304040571310842e-03,6.045310567452369735e-03
1.842721163178966289e-03,6.150112337265503833e-03
1.595370954840757494e-03,6.229642236990910915e-03
1.813362582349858660e-03,6.322670944904124415e-03
1.849442510742888490e-03,6.495293119224388248e-03
1.616068710666695432e-03,6.241384854337315297e-03
1.861358666293913078e-03,6.460380745459843969e-03
1.835904709728756199e-03,6.455703608245755114e-03
1.324619641134717985e-03,6.388884184050694880e-03
1.538714462294513922e-03,6.490520249067249954e-03
1.644303365128452384e-03,6.740279831010099337e-03
1.742593493279045178e-03,6.845787972256644864e-03
1.834218032065141647e-03,6.878912981437672498e-03
1.869796412282931277e-03,6.905396701661535575e-03
1.622913248573638369e-03,6.895537502310742674e-03
2.038854019524037435e-03,6.972714108203239419e-03
1.855475552601488533e-03,7.245446259511415833e-03
2.189882257592524768e-03,7.314893369681676159e-03
2.412822087994862062e-03,7.715744016417554890e-03
2.676298202469422436e-03,7.641492599345448868e-03
2.561708819600396880e-03,7.865879677263581254e-03
2.543102698160997106e-03,7.628474206379265779e-03
2.336064328490022185e-03,7.705924852929153801e-03
2.335575829407416770e-03,7.706475716996329453e-03
2.676549379145473986e-03,7.848664197322375441e-03
3.096324199984391585e-03,8.061068444013566592e-03
2.537157800657165955e-03,8.082914911796384994e-03
2.400986246925054975e-03,7.938091678571998489e-03
2.250554633249281667e-03,8.010875593694611468e-03
2.251079854406902881e-03,7.911134061327899578e-03
2.414763013889754690e-03,7.948736678371776804e-03
1.462159193741442362e-03,7.369628129111453763e-03
1.398289630254897576e-03,7.487376909010906925e-03
1.724052695986756081e-03,7.479703126224995606e-03
1.767900026407346996e-03,7.888522085934752612e-03
2.187965860657465483e-03,7.852068398997186227e-03
2.201898205513247355e-03,8.029722416050840902e-03
2.015179753151890435e-03,7.853761479151106714e-03
1.581204714609891994e-03,7.810699330872433559e-03
1.768824033827487256e-03,7.820264226000022897e-03
1.328377587925962632e-03,7.793016825476669490e-03
1.860377011312485101e-03,7.928352272993771307e-03
1.678852891187163987e-03,8.154454287160604539e-03
1.463071871378896589e-03,8.093963336706972225e-03
1.914089531362904743e-03,8.434025410418502511e-03
1.714786228377630437e-03,8.529818220857653122e-03
1.769206731578500851e-03,8.446727244560508358e-03
1.140867872790944171e-03,8.027384637973701900e-03
1.265344423118969826e-03,8.266133392827293425e-03
1.125474857096975864e-03,8.009099854217415979e-03
9.882466526906421179e-04,8.043102369119609768e-03
1.173986221075563798e-03,8.197005911745831874e-03
1.522382858396747855e-03,8.432139100253685515e-03
1.577138924508794888e-03,8.652900948794480310e-03
1.160534997434119414e-03,8.549428664372447223e-03
1.276461366245162021e-03,8.638214470610311099e-03
1.127520102189755484e-03,8.461752075068414494e-03
8.749392801473329911e-04,8.646889347227990769e-03
9.258868509860875918e-04,8.615247758510202053e-03
9.735778019191082587e-04,8.393809050899236554e-03
1.312412665036008031e-03,8.883431058183762288e-03
nan,nan
1.333704383745586098e-03,8.830674776313957725e-03
1.198615814784886793e-03,9.055926683061661653e-03
1.040001852348611212e-03,8.914349761015060228e-03
8.394308128203248863e-04,8.877480000441277316e-03
5.568032490272950162e-04,8.722539965453244767e-03
7.837398797982495380e-04,9.003945233821015678e-03
8.854766640354178563e-04,8.880704299730488374e-03
1.096782459308656135e-03,9.136482836206804778e-03
1.170307422760643538e-03,9.187000221902953331e-03
1.162446581192407924e-03,9.381675188643462740e-03
1.103071261478872364e-03,9.434465230003082070e-03
1.191356049154697859e-03,9.457590223571087085e-03
1.168514216857519192e-03,9.171202605695255930e-03
9.259870383585075285e-04,9.225663622412500278e-03
1.115499392182035159e-03,9.270069230617525649e-03
8.135824043119530349e-04,9.503283391384894502e-03
9.706514307942815415e-04,9.603172323211806374e-03
nan,nan
1.065214573085358123e-03,9.784068584925696352e-03
1.169047583470928138e-03,9.839669063529383683e-03
1.347819362163833095e-03,9.718520333086531904e-03
6.848502537261955212e-04,9.826829924571560404e-03
8.188423649105372980e-04,1.008249147140350375e-02
6.570322959985252717e-04,1.001745817270402981e-02
8.236480056793471418e-04,1.009979740642627175e-02
5.910460054364904698e-04,1.031832449722217514e-02
1.469257153548188992e-03,1.002765524044789067e-02
1.333328063904148627e-03,9.976072135604164073e-03
8.708805737286573392e-04,9.966378309346405825e-03
7.367720465232866466e-04,1.011932573379739977e-02
7.229454302869025824e-04,9.824699391102831650e-03
7.101461906963856983e-04,1.023540697040367826e-02
9.922917140413925995e-04,1.042013743131198385e-02
1.028887559767682541e-03,1.044452016790445997e-02
1.032633282465144622e-03,1.047457335576409618e-02
8.893134618403156395e-04,1.053432833901355413e-02
8.690135327567499257e-04,1.070550326995311184e-02
1.305379029338039117e-03,1.098157545416292812e-02
1.670588692366216203e-03,1.097372055627908807e-02
2.131079072350872822e-03,1.063986729853748196e-02
2.058399551329163565e-03,1.111488875311670427e-02
2.284144054314807531e-03,1.115521055673264830e-02
2.100755470779730461e-03,1.126264708311786218e-02
2.249689930740082257e-03,1.117888213718327625e-02
1.978456431407448358e-03,1.134422370533538262e-02
2.202801347473453981e-03,1.126707187965297376e-02
2.249737598343413796e-03,1.146041841313801858e-02
2.584342972334314082e-03,1.149011720179876801e-02
2.695409248200196679e-03,1.161187343158656161e-02
2.452758526595095849e-03,1.149843058617095772e-02
2.076498235019878964e-03,1.162525556835694064e-02
1.927200574763251106e-03,1.143563913964350254e-02
1.763532256132712642e-03,1.152041230711591327e-02
1.449445654733511925e-03,1.107238440265184871e-02
1.115650656976483780e-03,1.102705656120927906e-02
9.698595307451921520e-04,1.084410705078519416e-02
1.144983207960032683e-03,1.112838355172812710e-02
1.258095830451570665e-03,1.127841533156056890e-02
1.580332220557787142e-03,1.150748646071213938e-02
1.736088164604918018e-03,1.156535793275061119e-02
1.598328561602229336e-03,1.160739885068757388e-02
1.549623149128202815e-03,1.150217922415797643e-02
1.387958795254817627e-03,1.159847151073859460e-02
1.333509992479589915e-03,1.154852178670964270e-02
1.447981763611539763e-03,1.145513080032707111e-02
1.645918417672469431e-03,1.173463812684681987e-02
2.017566183508486335e-03,1.166206112282111053e-02
1.891234262764602495e-03,1.181276449982082526e-02
1.781734646856376718e-03,1.159167863885551819e-02
1.706612360570057248e-03,1.186849419738648069e-02
1.810275399407520157e-03,1.168193402703897842e-02
1.748392344720851562e-03,1.169713094974300129e-02
1.747606072714605243e-03,1.157564844288126032e-02
1.848758031137839961e-03,1.169874219149990603e-02
1.817623013952573453e-03,1.153932185354578088e-02
1.540586925816358728e-03,1.178537796918395497e-02
1.699652150534121690e-03,1.195741712549626412e-02
1.715573031505882940e-03,1.207054127273576687e-02
1.575678182373315079e-03,1.185569554385249719e-02
1.686734114901433700e-03,1.202880908042113298e-02
1.879222723714807320e-03,1.176678926245115601e-02
1.918835532575512799e-03,1.173275348271361415e-02
1.968147124708523842e-03,1.187558760669485750e-02
2.017894752706199130e-03,1.212257488330829858e-02
2.033294438158899514e-03,1.231121018415805637e-02
2.095591700003062840e-03,1.231504740538852567e-02
2.047280946142293265e-03,1.249020889272129710e-02
2.314154929458178515e-03,1.226107534331169133e-02
2.263520387489406215e-03,1.217592332464339025e-02
2.039433387080277771e-03,1.202778094693715029e-02
1.966572886816213978e-03,1.226233010424639461e-02
2.088569455193776524e-03,1.226720066464634731e-02
2.366360011908272623e-03,1.274119120710578631e-02
2.564633823611464809e-03,1.264901380587814261e-02
2.579433036047045890e-03,1.299184273952642098e-02
2.722797175774141661e-03,1.272196229260201365e-02
2.495934321656253715e-03,1.261804029217136226e-02
2.508852823677239479e-03,1.259891068381703907e-02
2.170226149914823970e-03,1.274028923563459183e-02
2.395093821579619489e-03,1.264991572331795877e-02
2.392909610350413361e-03,1.284879192898692908e-02
2.665947332217079042e-03,1.284208279489890830e-02
2.748789230661690015e-03,1.310220446274218409e-02
2.834547540850570688e-03,1.291878341571191247e-02
2.987011420902528896e-03,1.313147224297592057e-02
2.800751817379919587e-03,1.305338041746638769e-02
2.730212489777524183e-03,1.295527641666776968e-02
2.631653165436428302e-03,1.309940133495374019e-02
2.731959297422461609e-03,1.317628509785683487e-02
2.767397544424109526e-03,1.320122846581148375e-02
2.715985679020741297e-03,1.321819884393391105e-02
2.853726884460654027e-03,1.335375334152054221e-02
2.827518940539386176e-03,1.311938840647337498e-02
2.860066230439485286e-03,1.344372068565581613e-02
2.886187694802963121e-03,1.319892771134468373e-02
2.614546573272671232e-03,1.327592859069111515e-02
2.653416987160509607e-03,1.329946980541873471e-02
2.710667632377298034e-03,1.370870424573322928e-02
3.133783047003185860e-03,1.351126891900717754e-02
2.985493163049272956e-03,1.364439004530446434e-02
3.154956568764985189e-03,1.375438770076955683e-02
3.436872248611095790e-03,1.407082064227993708e-02
3.525958974407273228e-03,1.406330554300156029e-02
3.725162111910861398e-03,1.427581727501180814e-02
4.045616062310903108e-03,1.445272154940646821e-02
3.824654029858306614e-03,1.436163509511685296e-02
4.028281517496627023e-03,1.449878144018206666e-02
4.270300564163952844e-03,1.450585680279561397e-02
4.190598095552175786e-03,1.462229932548109873e-02
4.122962087654222403e-03,1.450756863841279332e-02
4.332226959458066601e-03,1.458990096007376988e-02
4.125151888555333123e-03,1.436847912893591574e-02
4.006333367403044562e-03,1.455720268158402879e-02
3.686061376777600897e-03,1.429315544661124461e-02
3.723154605238124595e-03,1.453309807311399006e-02
3.198372033700288761e-03,1.428691980348407997e-02
3.291654911927403143e-03,1.446295638642348599e-02
3.555060698854594064e-03,1.422053219003141349e-02
3.078980362924566960e-03,1.418797526443925892e-02
3.135199044068156648e-03,1.413997447007235390e-02
2.928820839604260196e-03,1.418676861959340327e-02
3.120722446189949824e-03,1.411263311216320177e-02
3.012146751878587870e-03,1.446942331659664509e-02
3.346200554661451446e-03,1.458377230404508430e-02
2.758750288041644707e-03,1.451203666113772169e-02
nan,nan
2.874205305080794731e-03,1.451436472813920006e-02
2.799799347528176760e-03,1.451971538847329768e-02
3.230778613588947568e-03,1.433914627545089873e-02
3.021953899974659432e-03,1.456197881643011248e-02
3.050900394448532484e-03,1.457946933153421443e-02
2.987393762806038900e-03,1.485251432655954919e-02
3.021070099425876652e-03,1.486140992757618330e-02
3.103007051440517718e-03,1.506208551660515559e-02
3.169766149534541944e-03,1.489416282295047585e-02
2.891499094480109999e-03,1.488065248339596157e-02
2.537223390133079397e-03,1.478525389848094410e-02
2.340766831063883710e-03,1.483310272428272486e-02
2.557885735769561790e-03,1.481223984935876176e-02
2.799634437760981608e-03,1.507438532713264306e-02
3.067288940745157167e-03,1.499392363307801290e-02
2.770480567314842317e-03,1.515820294866923948e-02
2.711938344169820356e-03,1.528747028133092996e-02
2.788069001808597767e-03,1.531430454859360885e-02
2.395620639680214395e-03,1.528526449116214547e-02
2.380028081639250226e-03,1.518295953970110260e-02
2.472356370580630191e-03,1.526296227467228289e-02
2.539224135651217771e-03,1.510799994128477972e-02
2.287599141198227558e-03,1.547211497688778109e-02
2.425324112085299345e-03,1.537975451133132693e-02
2.375041432588667189e-03,1.572065206754516900e-02
2.405411400883149687e-03,1.571042881748199033e-02
2.532004907083936635e-03,1.574377123287836605e-02
2.409671734966084035e-03,1.555223184460727617e-02
2.064690061114193669e-03,1.551119535429681777e-02
2.202577994383060969e-03,1.549941256104517967e-02
2.135667230820006285e-03,1.565657852239625558e-02
2.247137510377607544e-03,1.587132006487380551e-02
2.124759619615361559e-03,1.600272711766508385e-02
2.481731631424378103e-03,1.609809267957402687e-02
2.572943535802492063e-03,1.600968913802605642e-02
2.297939198307445696e-03,1.603446132026559515e-02
2.227597904500437653e-03,1.592285733482463536e-02
2.028704363948556286e-03,1.604901798254491918e-02
2.136593381691058099e-03,1.599249515125234986e-02
2.197549891383837432e-03,1.618405318409296342e-02
2.370257730778492153e-03,1.612979567161401326e-02
2.450339420010328329e-03,1.652914270120075732e-02
2.397139927451476683e-03,1.661861616379425519e-02
2.062397286287790017e-03,1.667339394929785376e-02
2.298455605969883676e-03,1.650113148417552481e-02
2.094932902158386928e-03,1.641671720601788412e-02
2.309176945719219973e-03,1.649377077081679022e-02
2.270943441447286805e-03,1.648152871525375776e-02
2.188247151302460947e-03,1.664895303828830067e-02
2.368730782424107589e-03,1.660069514727872605e-02
2.196530936391305564e-03,1.700290077515047640e-02
2.466920291659975735e-03,1.683931067041252380e-02
2.494457968918125258e-03,1.706790806980143516e-02
2.646472074529851014e-03,1.678510147156552987e-02
2.202415745470249868e-03,1.680321379787760167e-02
2.200849865919733434e-03,1.691494825911427774e-02
2.657514311869339525e-03,1.728148796358586203e-02
2.764910068768208773e-03,1.731689820442576175e-02
3.064199831914090656e-03,1.756207318620929547e-02
3.521414619469197347e-03,1.768996953713618606e-02
3.375391802657590722e-03,1.785939489327792104e-02
3.404449394309136921e-03,1.784105261200458897e-02
3.409773057589969743e-03,1.774806207064331953e-02
3.239010703791126572e-03,1.798358157528870405e-02
3.311499480772797308e-03,1.796082513418289020e-02
3.529324815862136880e-03,1.823782953888667541e-02
3.591698923668994528e-03,1.815045066154553910e-02
3.171748526867022942e-03,1.823425526126172883e-02
3.409021271878311457e-03,1.812033600422967641e-02
3.241576257380547350e-03,1.819907640358553805e-02
2.975701312341275107e-03,1.801581688690602479e-02
2.749670043588844405e-03,1.803530467057172862e-02
2.600253546572789919e-03,1.789853608166788040e-02
2.513820189037148725e-03,1.777862986875863513e-02
2.311767984236779913e-03,1.791282740029064013e-02
2.362517513035629780e-03,1.789150343768871471e-02
2.189258583420034422e-03,1.805489207609821400e-02
2.360723424310413963e-03,1.800638645336032073e-02
2.389852036755112444e-03,1.814951541888884870e-02
2.685146112605556624e-03,1.793545284556008479e-02
2.283405998045570737e-03,1.801285894583472269e-02
2.295945793922927157e-03,1.800930591085888460e-02
2.423390714445547087e-03,1.835939163886194520e-02
2.283586051037656082e-03,1.815635030048536394e-02
2.295625730389213442e-03,1.831810637296338654e-02
2.707495545034223784e-03,1.832393895655109670e-02
2.571329382829044743e-03,1.831165295599264733e-02
2.533002470171919970e-03,1.818684866361561930e-02
2.297638077082681234e-03,1.807679218687869085e-02
2.359359559346762159e-03,1.836999026266304680e-02
2.332551312842446808e-03,1.853058891244976913e-02
2.360316724561369994e-03,1.865021158951946437e-02
2.434177908279502433e-03,1.855433201428236326e-02
2.620980215475861731e-03,1.868007331268365517e-02
2.570522817438350080e-03,1.848781896321175303e-02
2.379816452308294861e-03,1.868584588761175794e-02
2.028251608753308625e-03,1.842493618099889929e-02
2.190647894125033555e-03,1.860708940507758979e-02
2.112062769808868614e-03,1.863061643673502230e-02
2.226331197864147172e-03,1.899957529033867790e-02
2.353311264512450863e-03,1.890404432393787137e-02
2.600813744869310325e-03,1.896773528318710170e-02
2.621238246311787933e-03,1.891065717328292012e-02
2.568331531831663864e-03,1.885566020907935431e-02
2.400830240728534393e-03,1.885435142132170505e-02
2.292448171782771483e-03,1.864320531546357143e-02
2.348204763324867293e-03,1.911603368733905128e-02
2.521491932169122978e-03,1.906438021423073961e-02
2.811122465844610816e-03,1.924387692685566517e-02
3.031337883732969449e-03,1.920234504120422320e-02
2.960339351378547552e-03,1.942705710574809883e-02
2.740166631601070532e-03,1.919665598772841292e-02
2.668668767303465899e-03,1.944246841535127168e-02
2.472459884517116437e-03,1.925078468084844355e-02
2.516846753737329596e-03,1.915117218695163576e-02
2.721430471276544642e-03,1.939859334222406723e-02
2.964952096760826647e-03,1.951161127045400109e-02
2.939492126216121035e-03,1.963074985383862076e-02
2.837909645697380551e-03,1.958683458312594425e-02
2.894779531616387298e-03,1.986718512854707130e-02
2.738011222892865887e-03,1.961171706237594542e-02
2.707124723180642963e-03,1.968242571646747208e-02
2.425145457686926197e-03,1.944532011035833216e-02
2.418584228481468219e-03,1.964859431275244733e-02
2.620115555473528837e-03,1.983954506893952779e-02
2.818202488239711801e-03,1.985952809944899200e-02
2.784943270274889068e-03,1.979118964034554812e-02
2.702061103766239050e-03,1.981875116226586991e-02
3.073578694630711011e-03,2.003158564648663958e-02
2.995310658418705134e-03,1.993661636900593767e-02
2.805895481662323832e-03,1.984671331984376105e-02
2.690679724691306170e-03,1.969631916982705205e-02
2.591810349411888259e-03,2.004270760975799398e-02
2.720493710576078489e-03,2.004294022218594887e-02
2.840512119012049679e-03,2.021116882712185175e-02
2.966555959632304236e-03,2.020709933090543420e-02
2.946929583518359107e-03,2.044972014627374421e-02
3.165017624423702852e-03,2.053539965426419769e-02
2.818369111268057524e-03,2.037027767016503371e-02
2.835772580822087767e-03,2.045880446293318194e-02
3.078609038178650725e-03,2.052056198717567767e-02
3.319447254502063630e-03,2.087047893556437383e-02
3.652877189539649287e-03,2.077948686544100684e-02
3.904937011953998807e-03,2.127940054894439728e-02
4.362888830723892115e-03,2.113760352351769234e-02
nan,nan
3.922069705993521706e-03,2.113374148523541884e-02
3.819665666726177605e-03,2.112213802733099721e-02
3.734014073522229013e-03,2.095535048833439482e-02
3.759990292185338805e-03,2.110718985114331397e-02
3.907867163390329676e-03,2.115842937502441373e-02
3.939882799800792021e-03,2.117686718820160560e-02
3.863227067684908353e-03,2.116217474203761079e-02
3.483944077681030548e-03,2.093911817772666634e-02
3.316177424608021066e-03,2.115742291421320032e-02
3.200345190083010369e-03,2.095920243304875280e-02
3.024853508246674438e-03,2.086435644768264500e-02
3.157911439559420337e-03,2.067302989821621917e-02
3.111787005932166190e-03,2.083865249529284064e-02
3.027620689219982699e-03,2.088162000313618927e-02
2.970160976965075146e-03,2.107221839595734350e-02
2.910294384663918241e-03,2.122646646869040532e-02
3.143806450009367735e-03,2.114576189894615613e-02
3.051970098647420731e-03,2.118231883967910956e-02
2.823323748549051281e-03,2.094673833703177002e-02
2.895522697939617758e-03,2.113257474599604044e-02
3.036432052930132432e-03,2.105217966748360037e-02
2.957082831939088132e-03,2.125973066006166950e-02
3.080873187558433660e-03,2.128861746513174488e-02
3.162598908787367380e-03,2.136163891358707628e-02
3.289516344882052312e-03,2.124035959917872432e-02
3.149100936464418327e-03,2.139104471830251264e-02
3.061019359889679149e-03,2.140455817904058505e-02
2.954408659892422337e-03,2.131090940859627081e-02
3.044752527946965187e-03,2.153303807723726260e-02
3.137830800850072328e-03,2.157873370859206968e-02
3.276734364919463034e-03,2.185491349239400763e-02
2.979008315774418336e-03,2.175919971706644779e-02
2.794375246635504104e-03,2.179722838106000135e-02
2.642437201995301212e-03,2.173627013501144845e-02
2.931998018287800423e-03,2.197314778270486810e-02
3.069356377727644383e-03,2.178755097923758613e-02
2.792898140814289304e-03,2.169374120193364938e-02
2.788870298308230699e-03,2.181715019772633921e-02
2.833140944456869967e-03,2.207546071476289631e-02
2.896486638325041895e-03,2.213323556868873609e-02
2.948994748238523578e-03,2.219139310235129434e-02
3.080220487534230268e-03,2.232938835746933401e-02
2.827203849753417292e-03,2.194266604472894580e-02
2.635590477932332320e-03,2.215007803231150776e-02
2.663895633914851926e-03,2.215308887187019196e-02
2.708656508241103975e-03,2.216806654535248555e-02
2.903408905159641801e-03,2.240492602608725597e-02
3.244623508743741443e-03,2.271275907419894116e-02
3.256368552179938862e-03,2.254723338707415384e-02
2.858419445282391752e-03,2.250827193360240355e-02
2.862428777958859853e-03,2.263192252002930310e-02
2.745387973955012301e-03,2.240524544103173962e-02
2.852560029618549445e-03,2.264425593572224477e-02
2.838605673670416447e-03,2.244679105783541073e-02
3.025006074666496299e-03,2.264866941142793660e-02
3.115677242798097022e-03,2.274579429131669966e-02
3.010818678262779016e-03,2.302043716673237914e-02
2.921576010169322363e-03,2.309015820810075142e-02
2.802602594777570035e-03,2.303309112907684503e-02
3.015162455408740717e-03,2.308437129037889390e-02
3.047915292055015588e-03,2.298928595878467832e-02
3.010418763256980136e-03,2.298407064942524503e-02
2.644241437792634909e-03,2.283170462903488449e-02
2.465525625412233815e-03,2.301950858761791022e-02
2.837081107152980043e-03,2.329682079386403981e-02
2.770784131507372360e-03,2.336125327393561227e-02
2.729436528862735304e-03,2.312223220364734502e-02
2.835338456197250730e-03,2.335394713643083181e-02
2.928065139435049105e-03,2.342964596962586465e-02
2.834245717551758890e-03,2.330228314290136091e-02
2.546272241951078995e-03,2.311420660585962808e-02
2.512881467348210707e-03,2.316826706300617947e-02
2.599011992483488652e-03,2.356063419647577359e-02
2.784464048392288824e-03,2.353932736609429949e-02
2.789111686410585857e-03,2.380650390715695341e-02
2.841789764952854479e-03,2.397755515650769331e-02
3.199557133203963927e-03,2.420813399759321610e-02
3.145754684464980092e-03,2.419899436303923554e-02
3.414099532420156874e-03,2.417894579375444442e-02
3.728255687768346378e-03,2.430575588319093885e-02
3.625287042727909359e-03,2.428207117639276033e-02
3.594699695523134557e-03,2.463872517544432594e-02
3.852367787962412971e-03,2.464265692545521483e-02
3.855293676865352917e-03,2.482024989999179546e-02
3.930527000729480344e-03,2.472288685313875703e-02
3.954712857616549809e-03,2.472894259389060018e-02
3.900688973074858783e-03,2.468152580548559766e-02
3.809489480071075445e-03,2.462704933037212010e-02
3.708160178047065648e-03,2.459761621998405451e-02
3.440932585714123748e-03,2.463646574018247756e-02
3.082110275243893534e-03,2.474930093491232302e-02
3.003735810133475494e-03,2.470972299214129614e-02
2.724430116382676841e-03,2.460933617625266426e-02
2.758102682360665924e-03,2.444553921582295203e-02
2.486403785591393030e-03,2.478912407155147227e-02
2.602717194224323308e-03,2.443894919270745217e-02
2.408510786647992397e-03,2.444983006500390729e-02
2.450748039811078902e-03,2.460196365331663443e-02
2.451531831675943674e-03,2.460056200600215306e-02
2.518706631904231528e-03,2.469781368672532146e-02
2.868436491976935569e-03,2.460798296799384180e-02
2.319825304082044452e-03,2.479782897695405330e-02
2.444690232140457695e-03,2.471502910176491888e-02
2.576157787947096385e-03,2.500906703812962040e-02
2.322639186777962928e-03,2.478619112031181515e-02
2.561161077937452665e-03,2.479175388106670541e-02
2.497264583323027375e-03,2.490198355016989135e-02
2.619541273226576750e-03,2.495296710908172233e-02
2.403300750281983818e-03,2.503119941996082010e-02
2.493728437117198951e-03,2.491722965820013930e-02
2.285332415265716940e-03,2.502898447795613018e-02
2.476327803736261095e-03,2.509077321666576890e-02
2.623633934671791134e-03,2.522203383816770672e-02
2.548755866735297020e-03,2.499569174660151369e-02
2.586756647263415126e-03,2.522646135970051107e-02
2.580952319721297253e-03,2.546784244544871012e-02
2.558183907218938326e-03,2.539857720381180975e-02
2.434719172680269075e-03,2.578359617788666611e-02
2.597433856766606566e-03,2.553333868355537120e-02
2.681419414735035801e-03,2.557538118583930001e-02
2.481698503815653323e-03,2.521653613023270082e-02
2.625673009319564460e-03,2.551534349296104634e-02
2.540202433174143341e-03,2.536370711085692356e-02
2.637993513218952514e-03,2.552880074805262411e-02
2.597948416937926122e-03,2.564191079159452297e-02
2.784303311665535952e-03,2.584034620390208981e-02
2.670279589044588509e-03,2.586212367626863212e-02
2.777730793491985182e-03,2.563387955628877724e-02
2.594449315781325975e-03,2.567445502536529547e-02
2.712705167764295662e-03,2.555324075784195376e-02
2.615687571276469493e-03,2.556863106089552265e-02
2.449953641407099248e-03,2.563915478087847727e-02
2.541539345527905544e-03,2.582536345686992085e-02
2.629586888307254740e-03,2.594344067589465092e-02
2.603791431293919247e-03,2.580000455220118546e-02
2.591605790192747037e-03,2.605615848620448927e-02
2.620404585776416745e-03,2.586963614564719363e-02
2.649116117718515028e-03,2.606615856423276367e-02
2.468854062082744254e-03,2.581920687542640924e-02
2.352580371174450499e-03,2.578921613303491664e-02
2.562195663089249491e-03,2.623452785782138391e-02
3.104353855103642208e-03,2.646297444527873771e-02
2.803580908103614835e-03,2.635314332007372001e-02
2.742989260783054370e-03,2.615787959564542034e-02
2.878293445184280149e-03,2.641216960145167936e-02
nan,nan
2.318021245658696480e-03,2.621871272594638105e-02
2.356200817825361820e-03,2.600128200428434427e-02
2.644494325930930086e-03,2.617987246873081444e-02
2.631263016099333676e-03,2.627953787641235106e-02
2.865218429421920870e-03,2.640099739993790467e-02
2.746808274138659144e-03,2.642906427871927547e-02
2.634545225351241863e-03,2.644119542601473805e-02
2.449861688710242708e-03,2.665728073153594835e-02
2.774418376947908067e-03,2.637726394166079597e-02
2.695305894991709052e-03,2.633410338218676594e-02
2.553757151380719841e-03,2.633124712207179918e-02
2.384165685246256595e-03,2.648321202050655382e-02
2.793984875642464578e-03,2.676238589389463851e-02
3.211464701998871605e-03,2.682535002370603841e-02
3.488920759433633556e-03,2.706670868121687640e-02
3.395975783635937252e-03,2.700294499136238549e-02
3.824913960270435315e-03,2.731227116683599895e-02
3.493299561078393872e-03,2.709143241078109873e-02
3.756845699989926242e-03,2.706192282055069551e-02
3.434233040648681980e-03,2.745592407986419126e-02
3.603877288725414359e-03,2.738620834967996076e-02
3.865172386493037279e-03,2.766585522581033532e-02
4.001172276427949863e-03,2.746400091043068106e-02
3.742729889200180262e-03,2.759563741251562508e-02
3.766824095941193572e-03,2.754517629801232423e-02
3.306961769581162006e-03,2.745796354482918367e-02
3.401655737115992766e-03,2.726191635422313062e-02
3.223409633754031455e-03,2.724675046866352132e-02
3.250880003486086248e-03,2.710290479471257064e-02
3.034510773440964732e-03,2.718495371726429091e-02
2.907944979377600266e-03,2.737467647420648714e-02
3.538540068687260481e-03,2.720979377760768259e-02
3.382330247736642197e-03,2.747728773890976625e-02
3.527434300389647049e-03,2.727650012082368999e-02
3.696302686130404497e-03,2.744232128364787471e-02
3.455722415653783575e-03,2.719590761904203124e-02
3.219235680142113615e-03,2.731566024075872748e-02
3.315349518505184955e-03,2.747062984156275686e-02
3.421454071853238625e-03,2.757940054924288772e-02
3.355567438962360222e-03,2.755248977641230543e-02
3.472386477486902930e-03,2.746219695037941874e-02
3.508545583821328587e-03,2.761511737922791795e-02
3.257609222922027911e-03,2.755752936250427734e-02
3.305647021198225999e-03,2.775115997984729105e-02
3.228508522737808927e-03,2.769035367658381763e-02
3.354271511367187125e-03,2.771624801646795089e-02
3.397510770305769544e-03,2.779297223113642856e-02
3.693978356950766793e-03,2.768643373989584933e-02
3.781020894037832435e-03,2.803163154288448172e-02
3.791579618247680698e-03,2.797318509359915037e-02
3.852182376459763972e-03,2.822566336644033794e-02
4.126312012326473211e-03,2.830480803611854987e-02
4.034836491958316944e-03,2.814143002643024194e-02
3.810093379030640281e-03,2.804415873638874818e-02
3.854429091327236066e-03,2.805813419430244066e-02
3.758341822425840216e-03,2.822102019853912902e-02
3.961901950803635789e-03,2.821844161822370176e-02
3.974078597646730528e-03,2.842764207560420295e-02
3.544012732394965452e-03,2.805945946636903901e-02
3.920094028304932018e-03,2.834274825566884815e-02
4.100456838893039822e-03,2.847803199240987043e-02
4.175982906870763338e-03,2.854280646483050438e-02
3.786571138894248394e-03,2.866710663097999864e-02
4.123292227057023113e-03,2.878596356026283387e-02
4.274377064930221133e-03,2.881251514672082681e-02
4.238135969648631866e-03,2.861557292232086783e-02
4.136461222792198883e-03,2.880649783414196766e-02
3.840863411950454567e-03,2.881974811417447463e-02
3.864313369413142733e-03,2.868478460415755868e-02
3.780600601712917185e-03,2.893192434062731230e-02
3.947224495910526230e-03,2.871132919611261991e-02
3.905818534874578793e-03,2.892568894662713927e-02
3.810386213847783039e-03,2.890866209076631624e-02
3.598669648745331847e-03,2.894279676237705365e-02
3.293027946512422279e-03,2.890129343032572795e-02
3.495428751199554027e-03,2.883755746236993725e-02
3.459866849873245373e-03,2.892050124368121533e-02
3.690849869230161760e-03,2.893439483852568508e-02
3.392641023261482210e-03,2.896638518566095263e-02
3.497118897316011873e-03,2.897898718582226155e-02
3.664528604037488226e-03,2.891330796568079842e-02
3.918158583158019848e-03,2.923548259186298584e-02
4.197837041359256567e-03,2.904659476839020413e-02
3.895726042301221950e-03,2.917586333310700011e-02
3.849283094818026045e-03,2.925967603924766597e-02
3.557864961735098669e-03,2.932957364462704386e-02
3.561448593136390308e-03,2.902162636265372478e-02
3.872332173976119566e-03,2.927545349184307658e-02
3.921224201174828596e-03,2.946696875513658137e-02
3.838758025949290734e-03,2.968141081965114739e-02
3.760611646519027625e-03,2.967553187466409267e-02
3.610817700091754640e-03,2.967137117336516791e-02
3.623606362885624030e-03,2.956971309237828999e-02
3.478696975794815915e-03,2.938936306534751380e-02
3.578454614215379522e-03,2.990014512046501594e-02
4.038114804653891894e-03,3.010459681966358089e-02
4.115174333824864542e-03,2.989867452216018670e-02
4.666704166680881588e-03,3.030743597800084760e-02
5.185343042504604247e-03,3.052562048991767571e-02
5.258738854393502776e-03,3.082791447797844295e-02
4.983702275548351941e-03,3.065727998870124149e-02
5.059987071780627614e-03,3.095692665331442953e-02
5.004286349873734302e-03,3.089172519874215303e-02
4.811150761908495645e-03,3.101773056251626998e-02
4.618622424995334243e-03,3.091201160237621107e-02
4.698835731511978760e-03,3.093779718072480270e-02
5.196381339925241517e-03,3.119808518876336645e-02
5.212725773968629288e-03,3.097448754625229880e-02
5.164863216565249680e-03,3.098575742790146692e-02
4.835314267579838773e-03,3.092079845674566840e-02
4.602462806767080097e-03,3.062111514479563118e-02
4.413342303183831125e-03,3.072535332438754499e-02
3.717338809819109493e-03,3.051786330231953670e-02
3.757871797106876466e-03,3.088250019696600276e-02
4.181788394439896195e-03,3.058403841393745118e-02
3.939507748052483750e-03,3.095236247338859631e-02
4.052207515858985247e-03,3.078235956277683080e-02
3.736650947296091610e-03,3.085411228210862417e-02
3.961722507234185196e-03,3.088738027549408141e-02
3.903730155228786209e-03,3.051478862541484940e-02
3.984523966314696027e-03,3.059017976772503492e-02
3.780399958632850877e-03,3.021291653548650868e-02
3.782524670975122034e-03,3.073743559124313129e-02
3.635785625827908478e-03,3.077474312157790770e-02
3.410398922809424610e-03,3.090332621628233412e-02
3.204146772285736394e-03,3.112372533062239544e-02
3.653588829859824236e-03,3.107339540350122567e-02
3.599093974453689872e-03,3.121087740065436530e-02
3.346001671446952215e-03,3.085945686300135479e-02
3.680685593344527971e-03,3.126121871893898507e-02
3.744641884642355839e-03,3.127576321179476038e-02
3.708801085698992892e-03,3.121060501563914513e-02
3.829270345317625692e-03,3.165352718154901962e-02
3.993161490811449922e-03,3.156299130772848710e-02
3.992896896800351113e-03,3.171854551187746479e-02
3.810408489904967225e-03,3.158750550421941111e-02
3.547979611903700602e-03,3.166785052806118939e-02
3.437107418420929424e-03,3.181149843729590837e-02
3.264966616762369697e-03,3.156055781628031714e-02
3.435683578251051782e-03,3.169681418068353435e-02
3.405197259016182199e-03,3.173775732911320036e-02
3.844475920571049487e-03,3.183218193889966741e-02
3.404850284351185891e-03,3.176636776144924762e-02
3.236460374359899014e-03,3.209075514983585065e-02
3.292666112464683915e-03,3.197677284241856599e-02
nan,nan
2.771928867742409069e-03,3.201243817991658580e-02
2.642653293299445511e-03,3.169215850208241536e-02
2.531551715714645909e-03,3.217544511718416211e-02
2.823518298980620764e-03,3.210951857124261233e-02
2.775523850650605737e-03,3.229297290670801041e-02
2.992093261372332988e-03,3.228205922250370480e-02
3.143134377529574128e-03,3.228944857799884161e-02
3.222111500584696683e-03,3.244740640361015033e-02
3.127553728250547036e-03,3.232303829235129433e-02
3.050369135901227595e-03,3.238432527731128358e-02
3.101496845707758625e-03,3.243595426948358423e-02
3.045418082592056281e-03,3.249589663846336185e-02
3.055791028149421572e-03,3.274871882540129897e-02
3.482223449746839165e-03,3.262148851788942983e-02
3.627778902949437782e-03,3.267386513952206389e-02
3.432827498669723844e-03,3.277090349254103974e-02
3.550421227757266825e-03,3.254930742644732145e-02
3.375325929127793567e-03,3.252626402222753149e-02
3.465505055522572018e-03,3.261449526479819755e-02
3.618251665724885220e-03,3.304506083915568354e-02
3.412455636816282868e-03,3.303310995869439270e-02
3.682441207940724374e-03,3.326947759119861653e-02
3.617638082732594924e-03,3.287564761831444915e-02
3.508433320163097027e-03,3.289127924618829441e-02
3.097099123110959654e-03,3.295832326622234743e-02
3.070633947267888825e-03,3.276982993324022153e-02
3.465271975063566150e-03,3.308787965251955288e-02
3.665756718083886673e-03,3.317211632830199819e-02
3.646827450431485568e-03,3.332257000942512315e-02
3.785286343638983707e-03,3.324856858323572278e-02
3.827815375075677151e-03,3.343682982875603726e-02
3.652736674060273921e-03,3.364897843458068000e-02
4.053042804594956389e-03,3.345358792057886305e-02
4.027693773767457817e-03,3.400677527678733214e-02
4.327126184180357313e-03,3.359527991633617233e-02
4.603404428200694697e-03,3.363075726774635704e-02
4.430071595897640095e-03,3.412364244289916443e-02
