1.283417779053960741e-04,2.189004197412020014e-02
7.574542911409127482e-06,2.179494441484145645e-02
8.584895073722991897e-05,2.163164005497312387e-02
1.409216300892038093e-04,2.159325748894428895e-02
7.277124166266192595e-05,2.153716468930812547e-02
1.032171891716478538e-04,2.133281400336610109e-02
5.931413196528359169e-05,2.132532397208043023e-02
8.440592478488131187e-05,2.116826620158952441e-02
1.033648953568315449e-04,2.110763311791425886e-02
2.877091422012359950e-05,2.104145189745976544e-02
1.247406798307479823e-05,2.083412472028807472e-02
1.236592029676856304e-04,2.087679897333020312e-02
1.839343423694492154e-04,2.076436083216532530e-02
5.369207184209550527e-05,2.061732940706047928e-02
1.587079895740989542e-07,2.049615384574324239e-02
4.395011538178471099e-05,2.040515944410385002e-02
1.082718266944378884e-04,2.031236679062187536e-02
1.725419736405139838e-04,2.033874623231576861e-02
1.278701647422848982e-04,2.013194107328343530e-02
9.198253655710609275e-05,2.003592332383489702e-02
9.660648443124476869e-05,2.010250948665217446e-02
1.980125163114048858e-04,1.992065479692955304e-02
1.885195291621260660e-04,1.989038981291163175e-02
7.148134147838773719e-05,1.976108667725098508e-02
1.567108447309392054e-04,1.969844915583379708e-02
1.374373717018245310e-04,1.963515940466784709e-02
9.559252787304211424e-05,1.950417199123514675e-02
2.700671248804559937e-04,1.946662934904112852e-02
6.916957336438136518e-05,1.949882855636063395e-02
6.634800258177898382e-05,1.933207742209862301e-02
2.152569534184659082e-04,1.920342765869745977e-02
1.351386947703150433e-04,1.920544064497593795e-02
1.177819595186101718e-04,1.904394202331754354e-02
4.197127007744799038e-05,1.902378661314704442e-02
-4.495914552775569321e-05,1.901703620520449334e-02
2.224842379887461753e-04,1.890162684347140853e-02
1.347555478629154820e-04,1.889148493705438206e-02
1.126635981945792815e-04,1.880461478322874996e-02
1.467441120996365155e-04,1.869102365754589726e-02
1.660420208984003947e-04,1.879779526763863950e-02
1.669699130848592344e-04,1.863247288974221455e-02
1.639758755979483281e-04,1.859889132923219293e-02
1.331423255755205569e-04,1.850720954043756986e-02
3.637587308917425780e-04,1.852057558168203333e-02
3.744346576252173433e-04,1.838084951556697225e-02
-7.328596825391245958e-05,1.847503981246241198e-02
4.018466760062537157e-04,1.836612726085742886e-02
2.729944040818113962e-04,1.836946672083651991e-02
7.643707519649478306e-05,1.810136482845003600e-02
2.072769141092486078e-04,1.818295729551169457e-02
3.256929402239671354e-04,1.824082016905611420e-02
3.724190542789699090e-04,1.815510239026223854e-02
2.605841151895797281e-04,1.796187739996366051e-02
1.382113623849404237e-04,1.809132731681766665e-02
2.734360568603236351e-04,1.795407715740234347e-02
2.362077099690553851e-04,1.795262648102418160e-02
1.195493509601243149e-04,1.783952685531174642e-02
2.789944738945019471e-04,1.779362495786607212e-02
2.016530629201725329e-04,1.797636567060353213e-02
2.763143157654254149e-04,1.782472482407019068e-02
4.147852751559278077e-04,1.776580434449648652e-02
1.801608817239575282e-04,1.766616719961130316e-02
2.068508171017552214e-04,1.765575225242079632e-02
4.066069950173336668e-04,1.766147839315176937e-02
3.276600452855344000e-04,1.759403939599362213e-02
1.794841250145493223e-04,1.747497889105244576e-02
3.213698944890620900e-04,1.751592853000610503e-02
1.561019766799849498e-04,1.752834086404384331e-02
2.753625643562398247e-04,1.741032056000300574e-02
8.299034318255541550e-05,1.735662117548984057e-02
2.601745087155019130e-04,1.741039112830022537e-02
4.822046014395814807e-04,1.738119973419575970e-02
1.849013230266630190e-04,1.723126039181759050e-02
nan,nan
2.680146565512998304e-04,1.731213743614487890e-02
2.281513137426974898e-04,1.728443328544217866e-02
-1.882493059372004860e-05,1.715886916321179845e-02
-4.736347653023402162e-05,1.722892756304148995e-02
1.215399856368231654e-04,1.717705688373284342e-02
2.184832668789107234e-05,1.708773651721065198e-02
-8.044061311544977669e-05,1.710818865123610311e-02
2.030250608604579376e-04,1.708805102134791296e-02
6.621998291778233335e-05,1.699852827058021335e-02
-2.072348420021296017e-04,1.688322580530508474e-02
4.875728746698236842e-05,1.692980459729762077e-02
5.831186783178852895e-07,1.693085563997312123e-02
-3.015849057702709932e-04,1.685655959956198699e-02
6.328281467979765724e-05,1.685753826776970402e-02
-7.858161884699339675e-05,1.694791855587458873e-02
-1.621062303109644688e-04,1.688793500727279670e-02
-1.223609653067981326e-04,1.678224280644112845e-02
-9.942177535331476481e-05,1.681124420040905343e-02
3.891577624313657439e-06,1.678976716657740523e-02
2.477192524774969419e-05,1.676903866692869977e-02
-7.064346573988945235e-05,1.677651269857192984e-02
-2.116372276695881855e-04,1.654357111395090077e-02
1.698710712021071379e-05,1.664421718604132752e-02
-7.672166006946802303e-05,1.677832904984878290e-02
1.557865686677887437e-05,1.661028650333322421e-02
-1.074031454109544920e-04,1.651036267277877084e-02
-4.875275511393394306e-05,1.653230042939119945e-02
-6.766640559507363924e-05,1.648514475850094280e-02
-2.129177652504645802e-04,1.644964989644326359e-02
-3.837321040393038289e-05,1.636648019002138674e-02
6.557356911890637535e-06,1.634278960226074814e-02
-2.049111688660020399e-06,1.635457945766332147e-02
2.873623209944483451e-05,1.633143895597965675e-02
-5.791177928261978595e-05,1.622199684933131950e-02
-2.626381145996413966e-05,1.623201752127809497e-02
-6.218453867962328672e-05,1.609890964947262998e-02
-7.621120142177784953e-05,1.610262443220014314e-02
-8.823330704822010187e-06,1.611979942916623443e-02
-3.188376260759680838e-05,1.604203026337063659e-02
-1.757907587222346392e-05,1.597933239255638904e-02
-1.747433597082992970e-04,1.591726879231494807e-02
1.007283107747761409e-04,1.600475067692769954e-02
3.507962691543984967e-05,1.587091314188253041e-02
-4.965589340822883766e-05,1.580947619367846155e-02
5.209008852870034576e-05,1.575840421880032177e-02
-5.679759956235513180e-05,1.574974777971719156e-02
9.508577110461369615e-06,1.568571243267095905e-02
-1.719420552979881612e-05,1.566128298721753895e-02
-5.101382104133410345e-05,1.553511095608550892e-02
1.555226210306688385e-05,1.551788024646503193e-02
-3.417557388496359308e-06,1.558092676282073208e-02
1.864060537522164811e-04,1.553637754226587162e-02
8.245752599257551803e-06,1.543058315154142990e-02
6.322778231752385493e-05,1.539267568027965355e-02
-2.020181706949116587e-05,1.533118574000010351e-02
-5.174852315097434332e-05,1.524183249455723747e-02
8.158327364889734633e-05,1.529569349126244995e-02
-1.423438629197503738e-04,1.517992124651957979e-02
1.888866262561346042e-04,1.527753074180795978e-02
1.169147519287904851e-04,1.517824185413644070e-02
5.721464232987736849e-05,1.500428347338656800e-02
-1.069121923545040280e-05,1.508349986200679081e-02
1.436265509565852287e-04,1.507188376905056575e-02
1.149782925685105111e-04,1.495317893694297039e-02
-7.780901148594723013e-05,1.496509746728312377e-02
-7.090756761556327115e-06,1.482521317533178409e-02
8.091558640221306305e-05,1.490722238319526320e-02
1.298590319063797646e-04,1.491921483584044208e-02
-1.805841545430751120e-05,1.468960616464195720e-02
1.109305103609179387e-04,1.477947141348183967e-02
1.866271711248029678e-04,1.482652466526658032e-02
9.078770857699163378e-05,1.456673893111133482e-02
9.751504735759500882e-05,1.472672628121362952e-02
1.755243169888699964e-05,1.460351850096961411e-02
2.818031310259236301e-04,1.458444146537313593e-02
1.837596402118652655e-04,1.454879533298132979e-02
8.028603699813499400e-05,1.442676603923283285e-02
-1.191973673089989927e-05,1.442606203078046836e-02
1.568170306583365598e-04,1.446422388880581021e-02
2.658340010673003852e-04,1.437215074207887078e-02
5.088368715019998844e-05,1.438752679360847178e-02
1.309338739382984531e-04,1.437526874069607226e-02
2.238227834441173462e-04,1.431492771144709901e-02
2.655001740755664639e-04,1.430539160895162414e-02
-4.887697965880631129e-05,1.441784971263290575e-02
2.495181842516962624e-04,1.425031483329804692e-02
1.391913295576770355e-04,1.421486252187822638e-02
1.970921869536154604e-04,1.406614416236649096e-02
2.502162052446782318e-04,1.428427079927078666e-02
3.851408247894468799e-04,1.415640191499635721e-02
1.131499025187196543e-04,1.397181628274498516e-02
3.117333867368330064e-04,1.400442963796005511e-02
1.335465975849154828e-04,1.416804195426382695e-02
2.556321328986891728e-04,1.389537498026780296e-02
2.333847148385429871e-04,1.397893297808848641e-02
3.112983365081587405e-04,1.379758631614133937e-02
1.566330939222969310e-04,1.405683719632309231e-02
1.699468806152470122e-04,1.384085721659682709e-02
2.615305143172522509e-04,1.371223750013652459e-02
3.022210074199647946e-04,1.379430180175209020e-02
1.658365670412554921e-04,1.377161818977206721e-02
2.959232253691627501e-04,1.379096422258823014e-02
2.563194406473573309e-04,1.369834026478717638e-02
2.751429630654831314e-04,1.366248598341185221e-02
2.808711053191473663e-04,1.352472628755749251e-02
4.191099487553500823e-04,1.359867426446199727e-02
2.407392898136781695e-04,1.366409794168396349e-02
2.787205732881651373e-04,1.349414533627844512e-02
3.761573822853632064e-04,1.362135118905299404e-02
2.165714193671922148e-04,1.341016859748297985e-02
4.297114122847475672e-04,1.340393206728936019e-02
1.344891639933128050e-04,1.347317943502936849e-02
2.385147388525395617e-04,1.331238952156073296e-02
3.217920743548186870e-04,1.335221355967732872e-02
2.814115402492910157e-04,1.331074232858886312e-02
3.016439552534341188e-04,1.322446219788384753e-02
3.110003102778487942e-04,1.324755212183901902e-02
4.071354419370782794e-04,1.323350546211868664e-02
3.149335769189770973e-04,1.320295949464407592e-02
3.621224817166539657e-04,1.313452758353193459e-02
4.039970612182833330e-04,1.315110031652077897e-02
3.686185606357676552e-04,1.308052035754134028e-02
5.489587397835832402e-04,1.304862182629997792e-02
2.802636780440256534e-04,1.308780395568166950e-02
2.448775595027790752e-04,1.300487146394803221e-02
3.970140810987359665e-04,1.291357888776445244e-02
4.557910253236957098e-04,1.282196899685263819e-02
3.476614513825647661e-04,1.295162640217038114e-02
4.350085855886232935e-04,1.285571689139636438e-02
4.077369316024350202e-04,1.286818340150578527e-02
3.620678950960493515e-04,1.289277593784242046e-02
6.377008935024274785e-04,1.280164724990826008e-02
3.709466420868220613e-04,1.279112499628091287e-02
4.416514188252033501e-04,1.272707615939518491e-02
4.695920728997440342e-04,1.266409438549901713e-02
4.756257407777361094e-04,1.268284397866061008e-02
6.101809279832535972e-04,1.261536773217414135e-02
3.765572062017259075e-04,1.268266506059215377e-02
4.518013358960337451e-04,1.260525680220154522e-02
7.536559965390926671e-04,1.259905518628135108e-02
6.788464201543873951e-04,1.230590861212040553e-02
2.912415289012736065e-04,1.264003431336209460e-02
4.854723116641144142e-04,1.237251282121863694e-02
4.834139295827282585e-04,1.244442673807353086e-02
4.469031495062748870e-04,1.223584362515646798e-02
nan,nan
2.892620320847497160e-04,1.247008837952767214e-02
5.674417009525575166e-04,1.244545162394076511e-02
4.264670024925725899e-04,1.230521379649617171e-02
2.176115907095710345e-04,1.236226452935576710e-02
2.754409346398636101e-04,1.234975490518347950e-02
3.300582625558034773e-04,1.226094077148319646e-02
6.584942470374543773e-05,1.222829776975141447e-02
2.704370149873037152e-04,1.226713295578525306e-02
4.528816003802457117e-04,1.226991900191301207e-02
1.391307485025001112e-04,1.208742997965761568e-02
4.122644627736272755e-04,1.216815991533322198e-02
6.714960442943215433e-05,1.212416039936161163e-02
1.573612670559593912e-04,1.206502337442579703e-02
3.591617514281969948e-04,1.206434594704124466e-02
7.502869121282246679e-05,1.199478397540397479e-02
3.171288623305469384e-04,1.204960135077642359e-02
3.170881973356726885e-04,1.207075201466748307e-02
8.733675375138862129e-05,1.196908669239846179e-02
2.040710725455784904e-04,1.187850014148897348e-02
1.805304841518763669e-04,1.195356711432414391e-02
1.928589754667842679e-04,1.189811627405553546e-02
1.928842740973216814e-04,1.178764571932946689e-02
2.252677168566268712e-04,1.187584252045413222e-02
3.732859001731376916e-04,1.188761336777718544e-02
6.531554064445836813e-05,1.179659747030319117e-02
1.716415664883269153e-04,1.176747350141449551e-02
2.759743352197263915e-04,1.173662562283695442e-02
3.135336877253202224e-04,1.184658586071185571e-02
1.501037779263770253e-04,1.176293233896021778e-02
2.939353055444885246e-04,1.166724575179842009e-02
2.076493438819916929e-04,1.160700979286393396e-02
1.871442549222751116e-04,1.163102223577398148e-02
3.025807018666709495e-04,1.158997614611781760e-02
1.740695747806579412e-04,1.155954005834674073e-02
1.002483253630789470e-04,1.139567934638576613e-02
3.280620381786459043e-04,1.158164987267783393e-02
1.634596253263769915e-04,1.148921558367990182e-02
2.157583235115277914e-04,1.139956625871645264e-02
1.605000733539430351e-04,1.140992212846926764e-02
3.087798969211642580e-04,1.142183088499989022e-02
1.534083111701842975e-04,1.125321881849809455e-02
3.529042801169769445e-04,1.136484622865892649e-02
1.649928857485050138e-04,1.118608648881709057e-02
2.756978999795663891e-04,1.119894367075429352e-02
1.574182041256187682e-04,1.124266784263307402e-02
2.192157684420072453e-04,1.115545357348760210e-02
2.319819076227531865e-04,1.109555320405024303e-02
1.728177786106750886e-04,1.114542437105188119e-02
2.558430776281770628e-04,1.102722286087095757e-02
1.640118284440918498e-04,1.097942811907220637e-02
2.058023000758336127e-04,1.097898852747705191e-02
2.015672190382229332e-04,1.089955534530912332e-02
1.090590817039296874e-04,1.084585414670348642e-02
2.712204608505742499e-04,1.084587709603585838e-02
2.578166600308527939e-04,1.071711070518851366e-02
2.453401182101800672e-04,1.076670878705262256e-02
2.774764699565780181e-04,1.072836174506369353e-02
2.853029993974166303e-04,1.068038015731820507e-02
3.706154316123160659e-04,1.067163556795288140e-02
1.240293787821014702e-04,1.053296265517032933e-02
2.588213834102290833e-04,1.050150897400263517e-02
2.632984619666024219e-04,1.043814681881133702e-02
2.480517097898824689e-04,1.049132674710569896e-02
1.503263290363717950e-04,1.042692493386809111e-02
1.950029746450916311e-04,1.025394377091851973e-02
2.474746459649610148e-04,1.033299833387823184e-02
2.187808624558086363e-04,1.033196834442707407e-02
2.264849917470638889e-04,1.010066745414576680e-02
3.668467120753227963e-05,1.016702778780501082e-02
1.869784086342441429e-04,1.012257661817950877e-02
9.449169257944260833e-05,1.000211406840529650e-02
2.514868748236095334e-04,1.014608848820559329e-02
8.505398361749970642e-05,1.003063365507420208e-02
2.306796645404086141e-04,9.956350867351949907e-03
2.221713574639485082e-04,9.955005088205464911e-03
6.761473082712430216e-05,9.879263983413504382e-03
2.661902126731523883e-04,9.871159826509729590e-03
2.796986542901033703e-04,9.827913983386919392e-03
1.052597510333617520e-04,9.851795319146431501e-03
3.596112093743948526e-04,9.785528352388671997e-03
2.392284918043184280e-04,9.751550748464737559e-03
3.536743092074215509e-04,9.723097409559625787e-03
3.111167151441923532e-04,9.712901190644829263e-03
2.562165270561772134e-04,9.611069183907017949e-03
3.770694267133049946e-04,9.598888346322489648e-03
2.821588302167304507e-04,9.578329919965225536e-03
1.278918336556729895e-04,9.556125454307576317e-03
2.323093517258505267e-04,9.431789305702055135e-03
1.857296431681860647e-04,9.544040224341427542e-03
5.104931361963406565e-04,9.531630479644850884e-03
2.072120337471414144e-04,9.422134550622735319e-03
1.532286317627426151e-04,9.406847247884611574e-03
4.268210114263022042e-04,9.344828932673885508e-03
2.079702924804401520e-04,9.454133501487278768e-03
2.941538372634019613e-04,9.295699958109044508e-03
2.781976262410390532e-04,9.203599442356999796e-03
2.901507097095528233e-04,9.357535993103406960e-03
2.252626284242677278e-04,9.185651010030257413e-03
3.306557932853897543e-04,9.237631832764332807e-03
2.872122649691456514e-04,9.143767550812812589e-03
2.578919134263956119e-04,9.165475061417280300e-03
2.976781035437791874e-04,9.101559795098327840e-03
1.988674657175472686e-04,9.016655171607513078e-03
4.599577679610412093e-04,8.967406052384120294e-03
3.834654282686751235e-04,8.964197687172454493e-03
3.216782454892891537e-04,9.110735136551880928e-03
2.753737433727238720e-04,8.923937251995790396e-03
4.288765523512750883e-04,8.849899376031960391e-03
3.622626985439826629e-04,8.794998748217361384e-03
3.281531192535463558e-04,8.876246572643034516e-03
3.350726263402084917e-04,8.749279716377542787e-03
3.200262127569695417e-04,8.736917495436841152e-03
2.541959293511596423e-04,8.793315822406146121e-03
3.322936610855530513e-04,8.742163461467458707e-03
2.947637522184735144e-04,8.662228028885207709e-03
3.664382859398694018e-04,8.660262735987529770e-03
4.097937790738984771e-04,8.525961923749188556e-03
3.150423546867216944e-04,8.610910052021851502e-03
2.137318491261281251e-04,8.485059369299691179e-03
5.302427097661646747e-04,8.528920330620288690e-03
3.037750502897926187e-04,8.452723198621893766e-03
3.392122989661010388e-04,8.439414289441947090e-03
3.427894932485670725e-04,8.303730414186647271e-03
4.462914595807651813e-04,8.514513314391411805e-03
2.716961079071258164e-04,8.418130109208115872e-03
4.202701688783776310e-04,8.276211712670841075e-03
3.417372031641777532e-04,8.307185627611155671e-03
4.824389084074178825e-04,8.267673257172427140e-03
4.967225463641630106e-04,8.203852456964822945e-03
4.002360701597073569e-04,8.226133600617578298e-03
3.987791573230422735e-04,8.079091870070128842e-03
3.951102087334965821e-04,8.261442776712793826e-03
3.274475890458058633e-04,8.112932073801065735e-03
4.118306185589010052e-04,8.070510113172033734e-03
4.929840762948685569e-04,8.047553061903175986e-03
2.227157633564016471e-04,8.247745257826212539e-03
4.072278949629663347e-04,7.934746734430588727e-03
2.982866899311917503e-04,7.993438053206699742e-03
5.548585492418928308e-04,7.902730131471391237e-03
4.385687345567275300e-04,8.142928806221411478e-03
4.230564455604030765e-04,7.882701046109398188e-03
3.399785716965159229e-04,7.889908617788640721e-03
4.862533859868660262e-04,7.759282667711306543e-03
2.615557976456213862e-04,7.968564992328161511e-03
4.640246644155865689e-04,7.739562066218148330e-03
nan,nan
2.082565284420357960e-04,7.829384723980186561e-03
3.745253659228404866e-04,7.780937051085265281e-03
2.029027343438688654e-04,7.795511733485038092e-03
1.457268319834256688e-04,7.766715176740648582e-03
2.196483934821960940e-04,7.651887270769879186e-03
2.370048567372473039e-04,7.716766733412158165e-03
-1.192797016574820290e-06,7.526423624826321726e-03
1.560186590294447952e-04,7.571739551578442716e-03
6.408841146959605320e-05,7.561596264567409069e-03
1.606774037222616423e-04,7.553047358810275128e-03
-3.437679042010954302e-05,7.489072547655666739e-03
1.162220465147583261e-04,7.509468797140613980e-03
4.168613524119178771e-05,7.433366168913216158e-03
7.366679319824632490e-05,7.435484365230071897e-03
-7.688208172252478426e-05,7.365985434472172889e-03
1.150345212003087928e-04,7.365882740560921425e-03
6.604390559583164380e-06,7.432448902579730926e-03
-1.319091786186043776e-05,7.291950447006461528e-03
9.220559769455480802e-05,7.290910961287189879e-03
1.060448192956626475e-04,7.396649579412810198e-03
5.371820170764626882e-05,7.253918802295145941e-03
1.990977231074023064e-05,7.300172771715096945e-03
-1.175258234485744747e-04,7.120946240533969872e-03
1.303479016722057624e-04,7.181296453637803744e-03
1.229369350206615944e-04,7.248700793201942778e-03
6.558932663462096037e-05,7.111796286593319479e-03
-2.493866721752995184e-05,7.021369282486603948e-03
3.655361406080996585e-05,7.123630519245660077e-03
8.555287673118149288e-05,7.049551956886145228e-03
1.070490523301545981e-04,7.049269095612272808e-03
4.481844962622036707e-05,6.949461534774305227e-03
9.384257450152163227e-05,6.923663133902941726e-03
6.032643400380285128e-05,6.985410027839786089e-03
1.331123221832504583e-05,6.900819673797694599e-03
1.377968538752121614e-04,6.782845889278056595e-03
-6.729481588343342842e-05,6.809599886755473251e-03
5.334990003016166647e-05,6.801039007919469810e-03
2.113320184861802942e-05,6.752615232284729652e-03
3.159758413807180503e-05,6.716911446062519275e-03
4.835046292187515898e-05,6.649977859440883536e-03
5.916302278338499024e-05,6.628709582711739962e-03
-3.399975203337319435e-06,6.661372690015416806e-03
-2.674901837013925939e-05,6.536825857048009399e-03
5.035712095341312368e-05,6.562438189176844627e-03
5.177778591651215610e-05,6.571999308712988576e-03
-3.318518368627897098e-05,6.465161826667252531e-03
7.473722754869575999e-05,6.515317302601274403e-03
-5.764133091565145419e-05,6.325946168511191806e-03
1.316292430427343447e-04,6.356558377925800030e-03
-5.648413744475349176e-05,6.297840390868536184e-03
2.025460446488420256e-05,6.261595351162311043e-03
8.055648908757463158e-05,6.340295224061995652e-03
-9.818262930777929792e-05,6.129504797915957294e-03
7.312088521084305378e-05,6.153481581173500525e-03
1.030704010143627627e-04,6.265531335898086654e-03
8.527994340076216757e-05,6.182583685784322734e-03
1.906575378915532597e-05,6.041798430358879743e-03
5.663833086343643641e-05,6.093552344617384452e-03
1.162441036824119064e-04,6.083372277835312134e-03
1.483506143175781448e-04,5.983551404813387820e-03
-4.320169700601817777e-05,5.940609555536087959e-03
4.870092539472812930e-05,5.897360802333747980e-03
6.113828347177522433e-05,5.942089849553430433e-03
5.372931618735133936e-05,5.852798693024366394e-03
1.091426432835718163e-04,5.782406132092527372e-03
-5.159291947036036085e-05,5.711020948384882591e-03
7.478897705838964238e-05,5.776449380981226074e-03
-1.569466745625840048e-05,5.714780232772349172e-03
-8.650586419731040545e-05,5.579375740918949590e-03
6.859723050037462696e-05,5.624506574077793586e-03
9.722691397964663930e-05,5.591252812608503604e-03
6.721247317785986996e-05,5.527630957371076903e-03
1.049212522659166594e-04,5.445568302470955857e-03
2.655390062942876686e-05,5.418606803592466298e-03
1.357750576593751114e-04,5.550328662229961178e-03
7.400679950416189936e-05,5.372109149254972876e-03
8.109775587500593749e-05,5.448976012017462886e-03
2.916623103694408078e-05,5.326146739753160123e-03
1.152377726418251345e-04,5.286648481499888266e-03
8.822997360269821637e-05,5.382769933647006851e-03
1.098227138820405651e-04,5.261068711981224666e-03
2.648635812394619987e-04,5.295348218084650234e-03
2.101056006054996962e-05,5.318104354440170503e-03
1.658374029427339257e-04,5.147075048973560538e-03
1.140463747229933020e-04,5.157143882351241000e-03
1.551360330256515495e-04,5.236393743975587510e-03
2.351692585981230018e-04,5.172284207271539425e-03
-1.851857801670787296e-05,5.055648754032326421e-03
2.076489184306050070e-04,5.094850648307105642e-03
2.140403653321906101e-04,5.044233420977731371e-03
1.210265794824045015e-04,5.072207316000029546e-03
2.575444800235307031e-04,4.952640132627017348e-03
9.513292272173239203e-05,4.824491634881914598e-03
3.304775465793120576e-04,4.949499955980217296e-03
3.170329052533014339e-04,4.827714416770230617e-03
8.347444615788165664e-05,4.751385032449338686e-03
1.572328511780008732e-04,4.800552357935912277e-03
3.101582361557137391e-04,4.788979898172463986e-03
2.860758567571619615e-04,4.743917879982307781e-03
2.075960443176446020e-04,4.876553058022447575e-03
2.005970034637062952e-04,4.643047684714966990e-03
2.732040659980689164e-04,4.762359433689467014e-03
2.931217648080728039e-04,4.667657460156350926e-03
1.865216277668165694e-04,4.462426940537205650e-03
1.014608095775024698e-04,4.783362442826369527e-03
2.719357063730335291e-04,4.528931205417771264e-03
2.608310908613353796e-04,4.527200830324626217e-03
2.066248234186024869e-04,4.485314289391261616e-03
2.089107952402045562e-04,4.413231938960923868e-03
4.617136979325679562e-04,4.505911891735776831e-03
9.312598870221479893e-05,4.438246803279749866e-03
2.849171172864278941e-04,4.354148559335778608e-03
3.344944951358878697e-04,4.380797548766169301e-03
2.364689626931472995e-04,4.446240727233097267e-03
3.709808674508637731e-04,4.235151910712455468e-03
2.042161814050001364e-04,4.231586747520272099e-03
9.238334346526107406e-05,4.322040998232769098e-03
3.804473826097373073e-04,4.264403645438760541e-03
1.755469836596144310e-04,4.194376689909504186e-03
3.158483727279834895e-04,4.201799915133885323e-03
2.561101877351232227e-04,4.206138663799595910e-03
2.203924552760267309e-04,4.134971169816610732e-03
2.627575489058772045e-04,4.159328331918759301e-03
2.275948672833550128e-04,4.265350930475485941e-03
3.920309525121140766e-04,4.064313674923204084e-03
2.770782667738017719e-04,3.906145963758949572e-03
1.941638229890420319e-04,4.024154026601782681e-03
4.349213450908167135e-04,3.942994720776535691e-03
2.308418236311517190e-04,4.120516263354463520e-03
4.481309737102553634e-04,3.805412326366845645e-03
2.712939980992082963e-04,3.861035748625294643e-03
2.773344738363588873e-04,3.970328013697988455e-03
3.746998092102746193e-04,3.876944828245443373e-03
2.957906323354848486e-04,3.741301372022251808e-03
2.876884013199004623e-04,3.868739507190045550e-03
5.372482966265281802e-04,3.832990896054614717e-03
4.426440501381362228e-04,3.873467664039152020e-03
2.692272236362212249e-04,3.676231169322118249e-03
3.899930588903880542e-04,3.738763140928334089e-03
4.793319114979287796e-04,3.665476310796058571e-03
3.770347578662051717e-04,3.767533237394644734e-03
4.698479841363953856e-04,3.569676001824439830e-03
2.711363747317762632e-04,3.900227249652510504e-03
4.588231307904775910e-04,3.629010207500889956e-03
4.879801728041021909e-04,3.611142516247780113e-03
nan,nan
2.875170881000308431e-04,3.469983161194636033e-03
1.818971279831077103e-04,3.545546368335697127e-03
1.541414158926699936e-04,3.492075002614739888e-03
1.839402014121990705e-04,3.439841319609147647e-03
1.038153322476027427e-04,3.455295314633988722e-03
1.636751396240739476e-04,3.472092207846896351e-03
1.872208676183296247e-04,3.472592448487118143e-03
1.875849372929691349e-05,3.455755848032629821e-03
9.447531467089285062e-05,3.419906115982831313e-03
7.485436734950857160e-05,3.391125271324849783e-03
-1.393295770992485907e-04,3.428338490191651117e-03
1.201016451654046691e-04,3.413342561713896949e-03
8.560153824098500790e-05,3.435657484656056988e-03
-1.012837677187606466e-04,3.305341750192046339e-03
8.911179580706593735e-05,3.284534913842293916e-03
1.364663631006907271e-05,3.306966361494278681e-03
7.338453645597888290e-05,3.297223111707985044e-03
3.798411870985767956e-05,3.223524727911960489e-03
-5.826937708350299339e-05,3.202263354607125245e-03
9.965309424252421491e-05,3.174771732411874482e-03
5.983368106507741676e-05,3.200233195798209921e-03
4.548872576902933121e-06,3.161557839476038332e-03
4.027294219132545092e-05,3.054503408704707743e-03
-1.734033216497017461e-05,3.099340581583014294e-03
1.389227150752455569e-05,3.156954985872369862e-03
2.310897857718937693e-05,3.017466598833397264e-03
-9.370880928558939372e-05,3.050065278002506673e-03
1.154339918821754244e-04,3.090602241088488168e-03
1.088388008257668016e-04,3.043742857930626169e-03
1.219659596772474820e-05,3.042699239855672921e-03
2.332930360819974471e-05,2.857260943356120138e-03
-1.447465071682456188e-04,2.792572299947781566e-03
5.966221077629381750e-05,2.913065228107888319e-03
-2.436400099511959461e-05,2.753027782111317455e-03
3.517862227291821938e-05,2.804028151385835801e-03
-1.753825119999396264e-05,2.724705054169910753e-03
5.086007379424516681e-05,2.628971731635713297e-03
1.429462540618292052e-05,2.751705502785023807e-03
-3.285114117421558099e-06,2.631183621598289814e-03
5.666426386385925440e-05,2.660791467561417125e-03
-5.709866532930897484e-05,2.670435184891367924e-03
1.300034483643126458e-04,2.564417134390393170e-03
-2.732015768350588671e-05,2.551075807612787280e-03
3.853487868960740417e-05,2.569486637827977232e-03
1.604724504981568632e-04,2.465612662132588180e-03
1.512850326063171680e-04,2.516384856196003834e-03
-4.328829239755305203e-05,2.367961757513307314e-03
2.939412069408685584e-04,2.475113259017005032e-03
-9.676985115210905440e-06,2.396252353910835724e-03
1.708287433722615722e-04,2.311193336643093191e-03
1.481583143543070301e-04,2.236171206782976931e-03
6.341720236643412071e-06,2.386492142217427979e-03
3.335710906003448890e-04,2.252656351912402447e-03
4.486759945489050735e-05,2.143050808993192825e-03
9.178266392155549219e-05,2.207229844398025248e-03
2.773560904619521436e-04,2.120139388599823812e-03
1.837780249076548245e-04,2.202832985570530189e-03
4.894061973608629731e-05,2.001086240897008515e-03
2.735435352079972310e-04,2.050872051388165883e-03
2.365593729951241361e-04,2.089007013701539833e-03
1.779052400984844817e-04,1.963119838932003876e-03
1.744441748695874236e-04,1.888344383721912885e-03
1.714461517259353754e-04,1.914269308317532656e-03
2.727810118573220795e-04,1.900896255324923973e-03
1.172782370013976714e-04,1.879039358290399836e-03
1.689054473168001742e-04,1.800510255121975153e-03
2.345675747174075947e-04,1.761657998196875224e-03
2.375439686508640810e-04,1.851053965364797072e-03
2.443264197855095810e-04,1.841099170564046731e-03
1.719534076248031590e-04,1.665904267045339787e-03
1.895944632746933889e-04,1.772915025501613966e-03
2.755040834054748385e-04,1.765793701115159946e-03
2.665775117292210560e-04,1.574388190914409198e-03
1.158433139128513289e-04,1.502499264784092677e-03
3.412176692003184193e-04,1.501117290617911409e-03
2.774615016544592977e-04,1.763770094469362679e-03
5.487628661364230562e-05,1.437445943841224446e-03
2.913393532109127717e-04,1.530015254630071823e-03
2.970450211589632122e-04,1.498885892745992513e-03
2.102402790137076929e-04,1.535256581240774512e-03
2.753142472855603829e-04,1.343696246003121646e-03
2.320053353526764538e-04,1.372048493496454483e-03
2.187187877906063922e-04,1.273096129378339242e-03
2.252391240189935775e-04,1.285763663290294531e-03
1.561993091988266849e-04,1.305657239776323360e-03
3.201021716754285447e-04,1.242948095766954492e-03
5.127015216132121056e-04,1.201707483232892278e-03
-1.777378563911312980e-05,1.352131707749851470e-03
3.039668161700812498e-04,1.113718268004741966e-03
1.661432767015257582e-04,1.271955470078364866e-03
3.518733215947409060e-04,1.223600566504402668e-03
2.837449536174249881e-04,1.050109408901902380e-03
3.039306479058275119e-04,1.185548769521660179e-03
3.245519548631998650e-04,1.145964242442455401e-03
3.805057129654630926e-04,1.097745511376185552e-03
1.579790497784248579e-04,9.319478531658870321e-04
3.241186756322164903e-04,9.950884307168318677e-04
3.027962419309647695e-04,1.071519748868410369e-03
2.862309767149901927e-04,9.031301513777309151e-04
3.137970533375832559e-04,8.980672261604085490e-04
4.381453844478310194e-04,8.557348446599137657e-04
2.232440830948620382e-04,1.045132698510069713e-03
2.784388521353757637e-04,8.764916130256815083e-04
3.355282282743267722e-04,8.371556899663090386e-04
2.946168991765300946e-04,7.606642114473549394e-04
3.713752457905509043e-04,7.956989447143084744e-04
3.566449885435395975e-04,6.454785007997546412e-04
2.738526258159768869e-04,7.203389449394136633e-04
2.570581913056429893e-04,6.460319963378346455e-04
3.465453058701950810e-04,6.571093913545761464e-04
2.537815922543595025e-04,6.728076847589601305e-04
3.885874979819791374e-04,5.167765186703843520e-04
3.127896778747057526e-04,4.992046734936103278e-04
4.536281165263068610e-04,6.512475428459466682e-04
3.435925452099817482e-04,4.560863062117811073e-04
2.452984179169349671e-04,4.824982273329615247e-04
2.519378273536461888e-04,3.770204476438619116e-04
4.468241957592426002e-04,4.823848427527202922e-04
2.808149750271021327e-04,2.872765795430440804e-04
4.415593873207203693e-04,4.540957138292934809e-04
2.639578512881108997e-05,2.896797671838585849e-04
5.852416281739566614e-04,3.639489492259081679e-04
3.309547623050876006e-04,2.927072410064214861e-04
3.895821662636196506e-04,3.899363922237144057e-04
5.134541398193527041e-04,2.254851707293827664e-04
1.905672455887004923e-04,2.592819015784667632e-04
5.325138655423116265e-04,1.858263407402875134e-04
1.040486195852736886e-04,3.321585709537799012e-04
3.834126513866375758e-04,2.715097246198513374e-04
5.652280874954936822e-04,1.521833805394198704e-04
3.325305436604146904e-04,1.830884708299019008e-04
1.910552926571570866e-04,6.002544651828193239e-05
5.588276179354945703e-04,1.519896170833836028e-04
4.671433110862925728e-04,-1.540243368020225654e-05
2.248665884884488877e-04,2.266650532537903197e-04
2.712570923762130785e-04,-3.560083538035403494e-05
4.362656969788717234e-04,8.985659337107150416e-05
3.416797308315733250e-04,-7.322027056990970532e-05
3.030584880170638642e-04,2.136284099274239165e-05
2.452153695597330380e-04,-8.965360179839702121e-06
6.155998072445943974e-04,-6.441097093801763677e-05
4.114790766494042396e-04,-9.742499316300889944e-05
2.571877548033241483e-04,-1.310433936802535564e-04
4.367043983492394435e-04,-9.582701239607920149e-05
3.972944279528770419e-04,-1.444834257584916325e-04
nan,nan
3.124975473418759378e-04,-4.103340684725697283e-05
1.400886113200979410e-04,-1.628597882819809572e-04
3.148143876399683134e-04,-1.786123721897198569e-04
2.047016484875900471e-04,-1.538393742178950500e-04
6.707879459559329969e-05,-1.025440519855783035e-04
3.340961658169064102e-04,-1.574796603195632437e-04
1.419695983883969474e-04,-1.670972547784628970e-04
2.127347096138151232e-04,-1.870970566485815245e-04
2.403651348858862401e-04,-1.990563662962157709e-04
6.128822840063008763e-05,-1.905374466729681531e-04
1.335676347234381869e-04,-2.826250018488771156e-04
1.330180111828268197e-04,-2.409662416549393147e-04
1.261644682294144493e-04,-1.436523668551129647e-04
1.364453356860614798e-04,-2.643781686177104065e-04
1.291839798073479131e-04,-2.638340868837339942e-04
5.649831524879425073e-07,-3.131371513380817222e-04
1.016774766859351864e-04,-2.897930085699414638e-04
3.652879532389626595e-05,-2.857232427103684473e-04
2.933250507530340534e-05,-4.471690373540779750e-04
-4.031847513217403847e-05,-4.238338211278033720e-04
1.120231805010366617e-05,-2.989619671122950724e-04
6.027756919562007946e-05,-4.250032745312109931e-04
-8.374916584815751425e-05,-4.867314308538462655e-04
-2.351134146830927859e-05,-4.603527845731349480e-04
1.834511604062619925e-05,-4.615393264508516622e-04
-7.352685460812866298e-05,-4.304208812840570040e-04
-5.413715594442632448e-05,-5.203895744744440428e-04
-2.324770966795483633e-05,-5.755864530778012980e-04
4.483539652618647229e-05,-4.655076236100767588e-04
-9.503201033003444629e-06,-6.327071141472460566e-04
1.057195965939937388e-04,-6.463859669035888506e-04
-1.020871993942744750e-04,-6.784733497592037709e-04
2.820552861189232137e-05,-7.077123468193769178e-04
6.740142034681952696e-05,-6.156643917684639488e-04
-5.927104172371991316e-05,-7.723480892766736855e-04
-3.977699037929262067e-05,-8.545479758482443225e-04
2.424489176323731368e-05,-6.803066510305941141e-04
-4.460507862540465297e-05,-7.462901877017314757e-04
4.647066120110944238e-05,-7.515839190061156770e-04
-5.668242160032048850e-05,-8.205835803297779939e-04
-4.614889524166293922e-05,-8.458400499157400993e-04
5.586475916714991956e-05,-8.396974179338828484e-04
-1.333102359519811617e-04,-9.691222135261969364e-04
1.636615841376971400e-05,-1.035444044546367627e-03
7.074707800481544885e-05,-9.123667637212722710e-04
-6.367298786955247809e-06,-9.321554571602481834e-04
3.187801906272411331e-07,-1.116154719325772619e-03
4.784710217935053618e-05,-9.959146340165724032e-04
-3.390375764319373793e-05,-1.114122425070722703e-03
4.492188963684766846e-05,-1.106166850022829041e-03
-1.086671454629675667e-04,-1.125465278253227723e-03
5.208384903022349589e-05,-1.210249405385424712e-03
7.887897342320136481e-05,-1.200095073670995284e-03
6.309740861778421724e-05,-1.269755304836648561e-03
6.748190550630108506e-05,-1.306339326161975361e-03
-6.859880042538321013e-05,-1.325231982550723140e-03
9.055036026205761821e-05,-1.259673979369477009e-03
-2.853715769714583990e-05,-1.410165202571824448e-03
-3.974881833969237595e-05,-1.346168815297046038e-03
2.523230468539004487e-05,-1.440989303408766586e-03
5.398795654760893714e-07,-1.419330639572841200e-03
-8.358572584212729502e-05,-1.514437016724052469e-03
3.844890787387120272e-05,-1.529753593735834168e-03
-4.352415913086268075e-05,-1.530140512625029377e-03
1.620855632822326697e-06,-1.548328933842965703e-03
-4.229361714649540965e-05,-1.674876640091423497e-03
-1.475935305840423946e-04,-1.584290752569905616e-03
1.107615558991623334e-04,-1.610827266950208038e-03
4.192437314650393064e-05,-1.706386124303492903e-03
2.174123806738355983e-05,-1.670811832168948245e-03
-1.054715181047760349e-04,-1.882657564413608335e-03
1.740765594729218259e-04,-1.739459965128587566e-03
2.410030449511475030e-05,-1.727367919289331125e-03
-6.842888068153129659e-06,-1.788551985745852118e-03
-8.676355260810544008e-06,-1.749328609896666671e-03
7.258620503134767977e-05,-1.824212759706579081e-03
-1.428180163001905678e-04,-1.777873877919679789e-03
1.992293139551456398e-04,-1.858938772737187689e-03
-6.639789882186705413e-05,-1.920111473915185911e-03
7.330809899013903991e-05,-2.001682066034527092e-03
-6.716706691915508851e-05,-1.903369694113163672e-03
1.143183843210799369e-04,-1.858448071223507301e-03
-1.912173467437864874e-06,-1.985066319132037811e-03
3.599129008924056709e-05,-1.975747284503274592e-03
4.785421998912862490e-05,-2.117201930713844948e-03
-5.847064230960384107e-05,-2.031158198273969213e-03
1.875887796923043457e-05,-2.051367534709688540e-03
-1.799094289103456639e-05,-2.230934254616665380e-03
-1.266339841272056093e-04,-2.012592717194656208e-03
-1.144608849912128694e-05,-2.102229742630249993e-03
1.018907878269756015e-04,-2.152868801201890045e-03
-4.710508142928021981e-05,-2.051723992999764969e-03
1.526557863342872223e-05,-2.310469093791872163e-03
-1.008816663197816026e-04,-2.155425985131811505e-03
3.795651725859365788e-05,-2.205408364067259694e-03
-9.656074212706112223e-05,-2.371081311171915635e-03
6.331543141783202715e-05,-2.232061316748514164e-03
-9.675118940638323614e-06,-2.396433111768166667e-03
2.209117477052530791e-05,-2.169823875390637993e-03
9.102377859435355331e-05,-2.293432466331330518e-03
2.459654079362674420e-05,-2.402142428358409847e-03
-4.706448614502702099e-06,-2.335742255200688733e-03
2.406797373697915185e-04,-2.386880192076205713e-03
-1.295315778239526975e-04,-2.321630263310081512e-03
9.032754679513753360e-05,-2.416731300790516714e-03
7.322656098499988797e-05,-2.534945909227059348e-03
2.820223053657380444e-05,-2.363743971989011160e-03
-2.676845863803585629e-05,-2.495896244803065891e-03
8.769586377779067419e-05,-2.561368099708765615e-03
3.503816522666085688e-05,-2.469052553048941070e-03
1.939561473846279779e-05,-2.430226202370753142e-03
1.781047729299777536e-04,-2.566386785366343067e-03
-9.010969264470328525e-05,-2.631486784575304185e-03
6.916161437951847573e-05,-2.588924500003188852e-03
2.676317044057644574e-04,-2.548634073224939275e-03
-2.260884531259892529e-04,-2.551136409657750286e-03
5.705624050305488712e-05,-2.650035715949142657e-03
-1.494548902901659698e-05,-2.729741334744159847e-03
-1.565788059783420813e-04,-2.488058900109030736e-03
5.775238797329795892e-06,-2.753053825522348494e-03
9.525880503120496190e-05,-2.701856704435969501e-03
-1.269162801031398224e-04,-2.652143166360082863e-03
1.038667931264500798e-04,-2.809971696155520032e-03
-1.290127253379895586e-04,-2.707578564013891995e-03
5.215546265452057466e-05,-2.734852288417066127e-03
4.158806623597362413e-05,-2.801531700006567802e-03
-4.959528376105638869e-05,-2.834144532426591343e-03
7.278906986069940300e-05,-2.767141789629127147e-03
7.454716433413153794e-05,-2.688418858620614856e-03
-6.744045655343362691e-05,-2.771984060983735763e-03
1.963318938946507380e-04,-2.768245799321521206e-03
2.256102223333679400e-05,-2.939686214370633606e-03
-2.328850225389855473e-04,-2.697304195830250648e-03
1.567371593863949925e-05,-3.022594407806603999e-03
-4.340186948940977934e-05,-2.857406132883541245e-03
7.331891382301181375e-05,-2.916617255708949929e-03
-7.223132037421778947e-05,-2.720925944033767731e-03
1.136242488452752591e-04,-2.926794576053829561e-03
-3.489816770172528043e-04,-2.947361614437491676e-03
4.837949172490658013e-05,-3.060870866176719583e-03
-2.185137420180837092e-04,-2.653383453974474809e-03
1.362934600282812538e-05,-2.954772234222328205e-03
-1.611775159655388814e-04,-2.991147311451617091e-03
-1.037780814307073595e-04,-3.004329185832153512e-03
7.202321009945356631e-05,-2.949789613847631550e-03
nan,nan
-1.520041866115848174e-04,-2.925273400434033090e-03
-1.372786847075415425e-04,-2.992625551922995647e-03
-3.111284925836791206e-04,-2.951912819743278578e-03
-2.604302876417712129e-04,-3.046679391648831909e-03
-2.786312654058228575e-04,-3.028407541832172766e-03
-3.471236333781143506e-04,-2.931313499987660710e-03
-2.962372093780967050e-04,-2.997070530444239864e-03
-3.759104712840245256e-04,-2.908304170396965645e-03
-4.634383177511272665e-04,-3.047604966173775732e-03
-3.740157154109869102e-04,-2.996021778158490089e-03
-3.837600374750559616e-04,-3.019565958398800955e-03
-4.281526556013800990e-04,-3.086578258908992747e-03
-3.759182587800948883e-04,-3.050598567993051315e-03
-4.266647501818367823e-04,-3.018632598632151488e-03
-4.035766392165392917e-04,-3.061024807982910042e-03
-4.556009159604926901e-04,-3.029741446921596377e-03
-3.895527643768202891e-04,-3.038071442446813823e-03
-4.130856430817829677e-04,-3.071250050810301040e-03
-3.942275342128903192e-04,-3.020373978930607391e-03
-5.359338766371333747e-04,-3.126185060272810689e-03
-4.399589105464590377e-04,-3.071640294184723938e-03
-4.258959387685791226e-04,-2.989743711461501259e-03
-4.452270912993732516e-04,-3.115511984369152658e-03
-5.353443635192282717e-04,-3.163189742346386030e-03
-5.228229407066864193e-04,-3.067899502874317508e-03
-3.947768812905584363e-04,-3.134164185228411215e-03
-5.166830121981922036e-04,-3.116352316082130272e-03
-4.201707462203613111e-04,-3.226349214132969052e-03
-4.285847539873555438e-04,-3.264917318495386741e-03
-4.044574647241348190e-04,-3.110694065572180284e-03
-5.197601810624978644e-04,-3.195490023249551639e-03
-4.182922208141474159e-04,-3.278561269060994553e-03
-4.377921088031788135e-04,-3.190907650480976580e-03
-4.699028724317803711e-04,-3.305143309713323100e-03
-5.027847412139665496e-04,-3.206024397142486892e-03
-5.470729172912031828e-04,-3.274789529402887152e-03
-4.429196586007773276e-04,-3.363063386949205653e-03
-4.702158479532988415e-04,-3.341142243114593631e-03
-5.339188972384224276e-04,-3.341135210392787679e-03
-4.878070245347205960e-04,-3.421285430424613958e-03
-5.678441404298275631e-04,-3.387572111859438097e-03
-4.937339476376368698e-04,-3.485217098942085083e-03
-4.448262572028046269e-04,-3.450650324161943800e-03
-4.876598029608857033e-04,-3.489401870180643302e-03
-4.727223501597659474e-04,-3.595716644112794888e-03
-4.623026873202093121e-04,-3.513214667204282021e-03
-5.271493119065221800e-04,-3.552563526468294208e-03
-4.786571129527624944e-04,-3.620605120425501866e-03
-4.220343626816446501e-04,-3.597157892837063962e-03
-4.246892565351668741e-04,-3.642238427334936867e-03
-6.248938413210547698e-04,-3.728741612388889858e-03
-4.167417379482948512e-04,-3.622652916282189956e-03
-5.131692494706741048e-04,-3.745302047065344076e-03
-3.809321829456047419e-04,-3.685407734606539580e-03
-6.451193473609797028e-04,-3.805062820530324789e-03
-4.966656628998187802e-04,-3.830942449025361105e-03
-5.842265441880324997e-04,-3.815804626888498908e-03
-5.051415524046676568e-04,-3.842800506133990136e-03
-4.390695829479098812e-04,-3.894820647724501865e-03
-4.083297232966491097e-04,-3.801357211824878818e-03
-4.262939689227701482e-04,-3.891579271556923261e-03
-7.510522673824470124e-04,-3.995204970777068570e-03
-4.940694032189497410e-04,-3.987189974273448734e-03
-4.065481435519829748e-04,-3.954632022036661150e-03
-4.935023415066149173e-04,-3.960626583120000280e-03
-5.447259363291240709e-04,-4.069197684590111254e-03
-5.475027526259832952e-04,-4.144504327754634440e-03
-4.827301372706685814e-04,-4.108774508123541440e-03
-4.394087542082785857e-04,-4.129267038620153783e-03
-5.547517703988717871e-04,-4.155358004873393844e-03
-5.847400290860495838e-04,-4.146624750846475069e-03
-3.145422313680470202e-04,-4.176548326275778510e-03
-4.889391004184644261e-04,-4.290242075318582635e-03
-5.389200238543968889e-04,-4.231262905177543554e-03
-5.053074490033336238e-04,-4.351703291919049865e-03
-3.974683512780293935e-04,-4.285849459370969644e-03
-4.781177086340342272e-04,-4.262444935871197160e-03
-6.071085620668410700e-04,-4.409349814801497881e-03
-5.227011327510127465e-04,-4.401453344512064325e-03
-4.208873975573749300e-04,-4.428477061091166088e-03
-5.035981488317057067e-04,-4.423160580218372245e-03
-5.508337031005941607e-04,-4.509813793632854416e-03
-4.224808505468597027e-04,-4.555006400303708049e-03
-3.397153504453921430e-04,-4.386339216840391513e-03
-5.524428009074003982e-04,-4.429252585621691607e-03
-4.514939234893921845e-04,-4.611607002577293619e-03
-5.381266398096886186e-04,-4.562337143039690845e-03
-3.252804383798373164e-04,-4.561514549966710214e-03
-3.510172973644255269e-04,-4.526148296777488672e-03
-6.141814591987288397e-04,-4.615005389578035778e-03
-5.145121819110478126e-04,-4.703130161984677218e-03
-2.801955831597603458e-04,-4.633832076655034805e-03
-6.429129863273475281e-04,-4.568521145979574649e-03
-3.907005216843165781e-04,-4.729161921710125713e-03
-4.436696666413807123e-04,-4.620875600630607732e-03
-3.888915327658796313e-04,-4.650938103025165082e-03
-4.215347579999106074e-04,-4.805041560273301190e-03
-5.303611000373085419e-04,-4.656287360570641326e-03
-2.077850034600412172e-04,-4.730285538785411990e-03
-6.205372524578611467e-04,-4.863126869735892414e-03
-3.467557510220502909e-04,-4.781045401287084551e-03
-5.809625154472224193e-04,-4.778716667358244748e-03
-4.740129222267454919e-04,-4.764195542046260889e-03
-3.041426632858835501e-04,-4.787315999509537089e-03
-4.708886710735950038e-04,-4.962336434611041083e-03
-2.442150890367020483e-04,-4.863661549271997703e-03
-2.633497125054803586e-04,-4.713385721858450242e-03
-4.630197423963132680e-04,-4.836693894322281577e-03
-5.332081506707461380e-04,-4.989281192514887636e-03
-3.654933154690054027e-04,-4.922764258204447019e-03
-3.540030653249009573e-04,-4.918093912966806439e-03
-2.859551524120137371e-04,-4.926589723095351273e-03
-3.651377439474116741e-04,-4.981179429314611280e-03
-4.673729063624623204e-04,-4.905015678724790329e-03
-3.404264941010324511e-04,-5.127606903400797576e-03
-5.841950303945320786e-04,-5.057802345112167273e-03
-2.840825168966854561e-04,-5.036422527399753678e-03
-4.729220212861347705e-04,-5.131561525578741748e-03
-3.224530843066725347e-04,-4.984733354396476447e-03
-4.700344270363304841e-04,-5.120770449535169688e-03
-3.460563416918074117e-04,-5.092490219727362905e-03
-3.233955118702492876e-04,-5.077024544565690578e-03
-4.050053137546721482e-04,-5.062334501944777340e-03
-2.997060687688913043e-04,-5.134542287598147306e-03
-5.663523142530642188e-04,-5.005938272144473331e-03
-2.839032512798039939e-04,-5.126197443752133868e-03
-3.865157399218907205e-04,-5.232451119241307742e-03
-3.493265335166182090e-04,-5.233426124265963195e-03
-4.478762867601304991e-04,-5.175450757427177244e-03
-4.316330864298891846e-04,-5.227067339642049032e-03
-4.897501352689215574e-04,-5.165375774714893627e-03
-2.731895863581481959e-04,-5.299376232518445209e-03
-4.171822498761085110e-04,-5.061115855095323253e-03
-2.615241131789740716e-04,-5.152931077138898919e-03
-4.642948285929912816e-04,-5.390281710476507726e-03
-4.874362635284307395e-04,-5.229749704025029797e-03
-2.459725083527869579e-04,-5.223475946432580737e-03
-3.682861807523812739e-04,-5.315655640617079208e-03
-3.541657233438925230e-04,-5.450536000800941527e-03
-6.244889108980606219e-04,-5.370214961573384176e-03
-4.306317338469955449e-04,-5.344432144643113981e-03
-2.175960724629088508e-04,-5.310343526217030374e-03
-4.718055944952770082e-04,-5.531596077779272341e-03
-4.465619339956360362e-04,-5.503347256406274264e-03
-3.286508596929450256e-04,-5.258989018373095084e-03
nan,nan
-5.802178454599613228e-04,-5.438549496734772226e-03
-5.548198062400158453e-04,-5.503329493148629951e-03
-5.696441078093347115e-04,-5.375263603769085859e-03
-6.366814893033320624e-04,-5.389861198923063916e-03
-5.040504369271301376e-04,-5.438691311795829444e-03
-6.656809656693858006e-04,-5.463054409354766404e-03
-6.742338909040809704e-04,-5.489342498313398711e-03
-5.889365383696410503e-04,-5.426797278266919621e-03
-5.730500697761265784e-04,-5.397487434472041101e-03
-8.705050200504509247e-04,-5.491025663869830709e-03
-6.192872715288114203e-04,-5.516582883822748404e-03
-7.124365743519849112e-04,-5.457954812630046691e-03
-7.901335188297672809e-04,-5.573756964596836457e-03
-7.263835630667615523e-04,-5.479225475928184777e-03
-7.525088367466949753e-04,-5.527803711390637774e-03
-7.084213306012169609e-04,-5.568242924416460203e-03
-8.689030334843742074e-04,-5.567935892426126472e-03
-8.126074934015608403e-04,-5.677783026131089095e-03
-7.294074151736000934e-04,-5.534290693554502760e-03
-8.508014737442288382e-04,-5.551443627901206379e-03
-7.616274631944386060e-04,-5.613680982347594127e-03
-7.546801992434733685e-04,-5.562397473820403226e-03
-8.682676761293795214e-04,-5.546407381454865684e-03
-6.982409785250905283e-04,-5.623422429983254180e-03
-8.864298832598726781e-04,-5.581793052554998372e-03
-8.612454977583818873e-04,-5.589463901626465572e-03
-7.681762170109389214e-04,-5.650233693269641512e-03
-9.181881142393459681e-04,-5.614400352696224082e-03
-9.044202641794055284e-04,-5.660561261109813176e-03
-6.774244172935094642e-04,-5.599390640039494590e-03
-8.794258269674791722e-04,-5.629576222207385156e-03
-8.033107718603362847e-04,-5.754180264318512622e-03
-8.505781260944028773e-04,-5.645933561085833725e-03
-8.333724826330157764e-04,-5.676026484718535089e-03
-7.674288874506495460e-04,-5.805583339857326754e-03
-9.226562921518539212e-04,-5.804672584048154761e-03
-6.882657200909038679e-04,-5.749584173627742684e-03
-7.814158786183211499e-04,-5.786284903378061638e-03
-9.871376006621217312e-04,-5.879913517090152447e-03
-8.217976382425284682e-04,-5.953547205663096802e-03
-8.837587347573041575e-04,-5.883756896435717726e-03
-7.526542607019657194e-04,-5.846269535794997203e-03
-8.088438633242517762e-04,-6.047674550009459263e-03
-8.206921324260433659e-04,-6.013361861369966727e-03
-8.258328843480978749e-04,-5.996321133032405173e-03
-8.365450372223689124e-04,-6.058958828440615292e-03
-8.103104581170018656e-04,-6.000122333645066530e-03
-6.569815799459209887e-04,-6.042874521796255671e-03
-9.573706902753679289e-04,-6.168813333955379397e-03
-8.709604707110314009e-04,-6.111742507571567978e-03
-8.266153980650620863e-04,-6.260490998092304617e-03
-8.209931674592284550e-04,-6.071570196557261878e-03
-8.059940387963695271e-04,-6.132700827581521151e-03
-7.176784601382941347e-04,-6.275407152428895234e-03
-8.835548582296598018e-04,-6.277225814650495492e-03
-7.875763000069893128e-04,-6.290404266989567915e-03
-8.438995859441740998e-04,-6.292831491546253819e-03
-8.657178459205240638e-04,-6.355798639085689927e-03
-7.622110469817275878e-04,-6.372062667900636225e-03
-8.377276155628083244e-04,-6.369088775373735883e-03
-6.460549428880411546e-04,-6.302258749524505647e-03
-8.801257925506575288e-04,-6.546047151869479816e-03
-8.631037428105987766e-04,-6.504749191796870694e-03
-7.890027090675644488e-04,-6.506177909948499503e-03
-7.754111979717707515e-04,-6.497602342400428214e-03
-8.807453268588157818e-04,-6.532061760140930699e-03
-8.098603335832705186e-04,-6.673279306539599103e-03
-8.702217233357692266e-04,-6.625954405126936210e-03
-7.857594854165429223e-04,-6.534432937234858040e-03
-7.533251112077677140e-04,-6.721616711112665850e-03
-8.618074757539987210e-04,-6.702011858933707052e-03
-7.394821678213587711e-04,-6.793944497091919388e-03
-7.718522637090945550e-04,-6.676376787468534316e-03
-7.219043909658260033e-04,-6.709551570913326393e-03
-8.227703497279307632e-04,-6.866492522936388718e-03
-7.456914215748420248e-04,-6.677829622421095276e-03
-8.011581784313532998e-04,-6.809895731241867242e-03
-7.557863200970767106e-04,-6.809821192798153934e-03
-8.611890338630192113e-04,-6.964081061128694558e-03
-9.150053811782980035e-04,-6.816752396703603702e-03
-7.833868953583723611e-04,-6.879732817599217010e-03
-6.778538189421151475e-04,-6.849929320213399460e-03
-7.985399570241215371e-04,-6.995315823723772565e-03
-8.058245238662302499e-04,-6.932316688603901329e-03
-7.150578705685839724e-04,-6.971822386545381556e-03
-7.417717357812929997e-04,-7.102121321298085661e-03
-6.974275489247122465e-04,-7.089336375945971304e-03
-9.074452175918016695e-04,-7.049129240334390742e-03
-8.056643718892938719e-04,-7.134458843909734400e-03
-7.680466706520872348e-04,-7.117662402650198200e-03
-7.165932103854777717e-04,-7.120727186423972052e-03
-6.812012764191243373e-04,-7.257779589542128450e-03
-9.108798925210003210e-04,-7.149853047349174345e-03
-6.426861805719117585e-04,-7.191693557764979039e-03
-7.965117814780606122e-04,-7.215455610472551809e-03
-7.715044104690843996e-04,-7.237189822642427911e-03
-7.682422451922656147e-04,-7.429256366742859573e-03
-8.768252558427993334e-04,-7.204212929078809315e-03
-7.863681076478593393e-04,-7.254461739945986670e-03
-5.658714880519311345e-04,-7.271803297742726602e-03
-8.875235535355926672e-04,-7.392004733087976370e-03
-6.196448228423648069e-04,-7.443156108360941998e-03
-9.331066670072180741e-04,-7.203673051022672913e-03
-7.423254215973687292e-04,-7.453786537105772624e-03
-7.836650152425450860e-04,-7.489040933926320587e-03
-7.728282766386636174e-04,-7.405586665123853156e-03
-6.549569335724745841e-04,-7.513407939003186563e-03
-6.000850509017659684e-04,-7.612182086554907662e-03
-1.016308792915834175e-03,-7.491416041691538984e-03
-6.729074120030296069e-04,-7.540286528739763121e-03
-6.636424000543145315e-04,-7.581167920393860719e-03
-1.002794680439294747e-03,-7.513510352256988489e-03
-6.912864386833986836e-04,-7.661387904449112364e-03
-7.260307519974421942e-04,-7.659285879155494116e-03
-8.388747320994787825e-04,-7.466739528624507030e-03
-7.578591115294247430e-04,-7.734792504650409017e-03
-7.383600257014327067e-04,-7.670762820907687553e-03
-9.053227499943458873e-04,-7.770028639368782748e-03
-7.938398930996755538e-04,-7.691201656260351557e-03
-8.011280966903611394e-04,-7.759755518923893564e-03
-6.420059876187610409e-04,-7.525741665382678497e-03
-8.425394650879396282e-04,-7.944660181787972786e-03
-9.148625899768988339e-04,-7.645677667191080190e-03
-7.464278721475850822e-04,-7.823666085148053492e-03
-7.658863536906104557e-04,-7.798396374148487339e-03
-6.309236473530360073e-04,-7.787639980248568794e-03
-7.645737886749997105e-04,-7.846256293543527396e-03
-9.067094925237885808e-04,-7.886208064186793487e-03
-9.664650814335257320e-04,-7.949954187052157145e-03
-7.827777793664555039e-04,-8.000769433540109651e-03
-7.449728277386306712e-04,-7.919244348282138135e-03
-7.968198306386074185e-04,-7.941857543341323405e-03
-9.335157838124835553e-04,-8.079136223687685345e-03
-6.681310994080100121e-04,-7.912613747018357527e-03
-7.366101263716600539e-04,-8.149808271502247473e-03
-9.744815890036625985e-04,-7.972681334508046821e-03
-7.163788953873203224e-04,-8.114022904508647049e-03
-6.162779035180938197e-04,-8.061154846172247784e-03
-1.031638018428140827e-03,-8.243365320895800277e-03
-9.748860503353313925e-04,-8.200631624031501712e-03
-7.911619610821197818e-04,-8.093411223959087394e-03
-7.600625957061868951e-04,-8.127060531341637542e-03
-7.197561184989413434e-04,-8.206836930982213535e-03
-9.206508240770585076e-04,-8.254760090810445844e-03
-9.860694365274398545e-04,-8.200272384333198716e-03
nan,nan
nan,nan
nan,nan
nan,nan
nan,nan
nan,nan
nan,nan
nan,nan
nan,nan
nan,nan
nan,nan
nan,nan
nan,nan
nan,nan
nan,nan
nan,nan
nan,nan
nan,nan
nan,nan
nan,nan
nan,nan
nan,nan
nan,nan
nan,nan
nan,nan
nan,nan
nan,nan
nan,nan
nan,nan
nan,nan
nan,nan
nan,nan
nan,nan
nan,nan
nan,nan
nan,nan
nan,nan
nan,nan
nan,nan
nan,nan
nan,nan
nan,nan
nan,nan
nan,nan
nan,nan
nan,nan
nan,nan
nan,nan
nan,nan
nan,nan
nan,nan
nan,nan
nan,nan
nan,nan
nan,nan
nan,nan
nan,nan
nan,nan
nan,nan
nan,nan
nan,nan
nan,nan
nan,nan
nan,nan
nan,nan
nan,nan
nan,nan
nan,nan
nan,nan
nan,nan
nan,nan
nan,nan
nan,nan
nan,nan
nan,nan
nan,nan
nan,nan
nan,nan
nan,nan
nan,nan
nan,nan
nan,nan
nan,nan
nan,nan
nan,nan
nan,nan
nan,nan
nan,nan
nan,nan
nan,nan
nan,nan
nan,nan
nan,nan
nan,nan
nan,nan
nan,nan
nan,nan
nan,nan
nan,nan
nan,nan
nan,nan
nan,nan
nan,nan
nan,nan
nan,nan
nan,nan
nan,nan
nan,nan
nan,nan
nan,nan
nan,nan
nan,nan
nan,nan
nan,nan
nan,nan
nan,nan
nan,nan
nan,nan
nan,nan
nan,nan
nan,nan
nan,nan
nan,nan
nan,nan
nan,nan
nan,nan
nan,nan
nan,nan
nan,nan
nan,nan
nan,nan
nan,nan
nan,nan
nan,nan
nan,nan
nan,nan
nan,nan
nan,nan
nan,nan
nan,nan
nan,nan
nan,nan
nan,nan
nan,nan
nan,nan
nan,nan
nan,nan
nan,nan
nan,nan
nan,nan
nan,nan
nan,nan
nan,nan
nan,nan
nan,nan
nan,nan
nan,nan
nan,nan
nan,nan
nan,nan
nan,nan
nan,nan
nan,nan
nan,nan
nan,nan
nan,nan
nan,nan
nan,nan
nan,nan
nan,nan
nan,nan
nan,nan
nan,nan
nan,nan
nan,nan
nan,nan
nan,nan
nan,nan
nan,nan
nan,nan
nan,nan
nan,nan
nan,nan
nan,nan
nan,nan
nan,nan
nan,nan
nan,nan
nan,nan
nan,nan
nan,nan
nan,nan
nan,nan
nan,nan
nan,nan
nan,nan
nan,nan
nan,nan
nan,nan
nan,nan
nan,nan
nan,nan
nan,nan
nan,nan
nan,nan
nan,nan
nan,nan
nan,nan
nan,nan
nan,nan
nan,nan
nan,nan
nan,nan
nan,nan
nan,nan
nan,nan
nan,nan
nan,nan
nan,nan
nan,nan
nan,nan
nan,nan
nan,nan
nan,nan
nan,nan
nan,nan
nan,nan
nan,nan
nan,nan
nan,nan
nan,nan
nan,nan
nan,nan
nan,nan
nan,nan
nan,nan
nan,nan
nan,nan
nan,nan
nan,nan
nan,nan
nan,nan
nan,nan
nan,nan
nan,nan
nan,nan
nan,nan
nan,nan
nan,nan
nan,nan
nan,nan
nan,nan
nan,nan
nan,nan
nan,nan
-2.348405358575804056e-03,-1.941720928243456309e-02
-2.121532275808597941e-03,-1.946242766842574273e-02
-2.203667279624261111e-03,-1.959029854778598229e-02
-2.153191770506055272e-03,-1.957727842675469065e-02
-1.846177078203911507e-03,-1.961192534044209346e-02
-1.896967309654826140e-03,-1.976923815903591092e-02
-1.857968639185825568e-03,-1.964085746033378266e-02
-1.499808636166239089e-03,-1.963294517927199195e-02
-1.708135579217546921e-03,-1.984036846332149981e-02
-1.750822885162175947e-03,-1.985895952651751603e-02
-1.631771446316017090e-03,-1.994061058292460539e-02
-1.576953667407321111e-03,-1.993328252400806966e-02
-1.802226052852061574e-03,-1.994949799207566127e-02
-1.643744598906032124e-03,-2.005959989422872319e-02
-1.653435844220319060e-03,-1.993625367207309262e-02
-1.802035344982940660e-03,-2.011538356965920926e-02
-1.842994748305903279e-03,-2.018157481904207795e-02
-1.849105364276452512e-03,-2.007505500329854337e-02
-1.762598056527965020e-03,-2.021716273849946677e-02
-1.849410737443227043e-03,-2.018109894674471883e-02
-1.857470311759115006e-03,-2.022764363282199968e-02
-2.184983422702084423e-03,-2.030129974636648432e-02
-2.021859365027151283e-03,-2.029161776589586547e-02
-1.895003412331969488e-03,-2.043140723612931614e-02
-1.821024702976952554e-03,-2.035074212755990514e-02
-1.604358752446426303e-03,-2.014331283157818134e-02
-2.169667831475225166e-03,-2.022762394671892214e-02
-2.096985781673488952e-03,-2.037215634999523309e-02
-2.060226084320298644e-03,-2.031024448685253558e-02
-1.992620391193328667e-03,-2.019551982882859462e-02
-2.015608474463109756e-03,-2.023219662451573864e-02
-1.926899245054643391e-03,-2.019935392142236177e-02
-2.255507685625129499e-03,-2.035305133870773941e-02
nan,nan
-1.966312930669282099e-03,-2.003380700677112602e-02
-2.146545051204014256e-03,-2.014319694083773621e-02
-2.008128428139142278e-03,-2.009395964466309872e-02
-2.025738711868412759e-03,-2.005821274797985054e-02
-1.989299735245103444e-03,-1.999607407822304173e-02
-2.056690026673076415e-03,-1.996729891679090846e-02
-2.122865141480496844e-03,-2.010396703474826019e-02
-1.923750373823236151e-03,-1.983970189335171330e-02
-2.058401428418689914e-03,-1.987478243748521181e-02
-1.853006995403143732e-03,-1.991102752248814431e-02
-1.948353782360411372e-03,-1.977596984689967974e-02
-1.886052787777181203e-03,-1.972677550281765405e-02
-1.596045216994066741e-03,-1.959550396588956647e-02
-1.951732320829579126e-03,-1.971052407103377965e-02
-1.891578903065116272e-03,-1.969673324251667440e-02
-1.737455759934440841e-03,-1.956350739357147137e-02
-1.818943760375983047e-03,-1.951867876711544866e-02
-1.567316572459400651e-03,-1.948524632266490642e-02
-1.862573578316853570e-03,-1.945572127798070317e-02
-1.811752207514002316e-03,-1.937937099712151376e-02
-1.582023861303856254e-03,-1.929734464408811717e-02
-1.566552138455612562e-03,-1.917261864801441534e-02
-1.322638485864053096e-03,-1.922338583842950546e-02
-1.616262674194243873e-03,-1.919621876122528173e-02
-1.362494562945742007e-03,-1.904372285722291669e-02
-1.678272544869436429e-03,-1.918393600059764906e-02
-1.399588424966172065e-03,-1.900172797149422485e-02
-1.511647847779884566e-03,-1.896605404802614164e-02
-1.369426895772612746e-03,-1.889518998755000331e-02
-1.462442437907090793e-03,-1.881446800127570609e-02
-1.386150496864076848e-03,-1.880268403522780685e-02
-1.487140793164963039e-03,-1.882399995644088928e-02
-1.391850466994986333e-03,-1.867136236169460520e-02
-1.201952918895795447e-03,-1.860530852887050390e-02
-1.263410293615615295e-03,-1.851951183750328439e-02
-1.603402664043492368e-03,-1.857901263226408028e-02
-1.240779961148365121e-03,-1.846613330943971260e-02
-1.456699832126659563e-03,-1.847872082474179625e-02
-1.439883440778411475e-03,-1.838743702458324122e-02
-1.344738207732379094e-03,-1.835939529703134801e-02
-1.453441513773848096e-03,-1.830497051393047137e-02
-1.370622030322033889e-03,-1.822562476865924319e-02
-1.308707883565093152e-03,-1.816355114742962060e-02
-1.446722884049025720e-03,-1.809763696693202778e-02
-1.395222906878681958e-03,-1.816878913114508901e-02
-1.396319192516471764e-03,-1.800626774839508143e-02
-1.308910932719052752e-03,-1.801722876533736958e-02
-1.298258378262889812e-03,-1.805160165162422378e-02
-1.454497055677801036e-03,-1.800174889783704227e-02
-1.379039025812385955e-03,-1.801314046123009271e-02
-1.356255717816233324e-03,-1.794024651877512352e-02
-1.383824844585637400e-03,-1.791145410260569504e-02
-1.336160003725702988e-03,-1.794302414196738416e-02
-1.347743233027037975e-03,-1.785883784482465361e-02
-1.286349067454894968e-03,-1.773393860508899050e-02
-1.326975070942942696e-03,-1.785376665135653476e-02
-1.513500637123343104e-03,-1.780453000821140275e-02
-1.381701713812092053e-03,-1.776152728915521978e-02
-1.279950778917311911e-03,-1.771410110773198598e-02
-1.451457349710860711e-03,-1.768306606806918299e-02
-1.398573012654428897e-03,-1.770619933088919684e-02
-1.331650962077138419e-03,-1.765531987394675442e-02
-1.542647271959603997e-03,-1.760944113183364468e-02
-1.262201882988452442e-03,-1.763316051308589510e-02
-1.613312409332560461e-03,-1.753702377576939545e-02
-1.239254722943052174e-03,-1.747933842455892672e-02
-1.382918156873773645e-03,-1.763260280840586031e-02
-1.435140371453444289e-03,-1.754483132803933906e-02
-1.383365947152843467e-03,-1.747362214393612806e-02
-1.440418181960506291e-03,-1.752520939470322836e-02
-1.454702728098424425e-03,-1.747578395856033348e-02
-1.388179348106091714e-03,-1.752064520631496300e-02
-1.458397015432226626e-03,-1.741734098228863575e-02
-1.486712212324695862e-03,-1.727640490019308195e-02
-1.520206405932390424e-03,-1.747928289922082851e-02
-1.521238806672492536e-03,-1.742587684760487157e-02
-1.468341403243061298e-03,-1.734372470855503542e-02
-1.479494872042241838e-03,-1.735006376372954379e-02
-1.474736178516550429e-03,-1.725940788681939314e-02
-1.494298177933270138e-03,-1.735234580368173393e-02
-1.508247028263802860e-03,-1.720273571944998248e-02
-1.539887696861947904e-03,-1.725784231399419069e-02
-1.500633822716434824e-03,-1.721088691010612057e-02
-1.540647551547162132e-03,-1.729820108230598411e-02
-1.716415661663306391e-03,-1.714220033602622748e-02
-1.362852883619323444e-03,-1.718615904617719348e-02
-1.619764371780757755e-03,-1.722075895222049610e-02
-1.612662747384960510e-03,-1.721216474528536322e-02
-1.532030373362823061e-03,-1.712056354545316711e-02
-1.609087444921591687e-03,-1.707673086588300596e-02
-1.691671106338752967e-03,-1.712176104852060343e-02
-1.555023162953275652e-03,-1.718181888303112886e-02
-1.672034284508269785e-03,-1.700808484192936620e-02
-1.623230710492898484e-03,-1.714026160121364870e-02
-1.585097770876521409e-03,-1.700923811628219165e-02
-1.671272862461379346e-03,-1.715996994875830517e-02
-1.676521990787917683e-03,-1.695122903813919141e-02
-1.776359113331239066e-03,-1.714182531029814771e-02
-1.499132457998456677e-03,-1.711835459590147282e-02
-1.682609953087574198e-03,-1.702285814311138568e-02
-1.757083434391368141e-03,-1.702978770089507571e-02
-1.547403947554725151e-03,-1.700830786438510892e-02
-1.775312066095690797e-03,-1.706884076852123802e-02
-1.624539889279439514e-03,-1.693789421841530168e-02
-1.634342779385206113e-03,-1.702190499964730333e-02
-1.759552623743160151e-03,-1.701742664048783160e-02
-1.623539765962420242e-03,-1.682799105139341431e-02
-1.749763386042390212e-03,-1.698826155144158093e-02
-1.678535310764090989e-03,-1.702184223961751564e-02
-1.790065246859264339e-03,-1.702385677649955950e-02
-1.492409664067605472e-03,-1.698102472934628557e-02
-2.003463743003839909e-03,-1.690859839127144618e-02
-1.799996172769485021e-03,-1.689209767734329432e-02
-1.816734465231663494e-03,-1.699596706483831945e-02
nan,nan
-1.647697175747185085e-03,-1.681990610836243613e-02
-1.886361095377026833e-03,-1.689593037291800548e-02
-1.824209820394317181e-03,-1.697890917693266680e-02
-1.778677504539598895e-03,-1.689126869558501415e-02
-1.910125804192053592e-03,-1.683393123023074756e-02
-1.767117383271207863e-03,-1.689910294117827338e-02
-1.916940135042508649e-03,-1.696390161575608499e-02
-1.846020409603317059e-03,-1.688752855551180904e-02
-1.831106296370628873e-03,-1.692403085337458937e-02
-1.850729319271173477e-03,-1.689596656878622483e-02
-2.029429025668683453e-03,-1.700901691163343721e-02
-1.686465079196169860e-03,-1.693794860253219903e-02
-1.977158525338081757e-03,-1.688901432476648534e-02
-1.916005162568001734e-03,-1.696889707162407140e-02
-1.802471732390210262e-03,-1.692895786788044254e-02
-1.980104104341442496e-03,-1.691325413715768361e-02
-2.028810893083815049e-03,-1.698733419123697394e-02
-1.766427517539936789e-03,-1.686924441974640282e-02
-1.963695273532706145e-03,-1.693546495242606240e-02
-1.913680392423773450e-03,-1.692343738393870672e-02
-1.973811570559410710e-03,-1.687849939014872402e-02
-1.872073747608097964e-03,-1.692989234059684781e-02
-1.795567551925034188e-03,-1.692485092462295976e-02
-1.884520771137938649e-03,-1.680878596999155900e-02
-1.870664732619621833e-03,-1.689235893989055742e-02
-1.925122892708217058e-03,-1.689643260639350081e-02
-2.052718003411101947e-03,-1.695254068861029237e-02
-1.845396983795160803e-03,-1.691508790494742828e-02
-1.815180479497775041e-03,-1.682048037596142742e-02
-1.960544565163184309e-03,-1.695121286872727437e-02
-1.892745883704061898e-03,-1.690163349045724003e-02
-1.971892876426082578e-03,-1.683218333236593742e-02
-1.873030168232844243e-03,-1.692005653420914843e-02
-2.038174212002302234e-03,-1.695265426720345484e-02
-1.939239746014894111e-03,-1.681240030440157504e-02
-2.037199786372976239e-03,-1.691239596811026577e-02
-1.962277768510619844e-03,-1.678449838474958822e-02
-2.117433772338124607e-03,-1.696884023295933477e-02
-2.096591543775846046e-03,-1.696062969552167288e-02
-1.902457761843065606e-03,-1.676809616392465480e-02
-1.922198014302074461e-03,-1.684580911887097882e-02
-2.217903309604495922e-03,-1.700536148131732289e-02
-2.036569360702531438e-03,-1.683819035655079871e-02
-1.863596861389653098e-03,-1.682518248373663858e-02
-2.022714634126409911e-03,-1.683113141205927824e-02
-2.166487051799863370e-03,-1.688067569126841180e-02
-1.939047957732451671e-03,-1.690241870362867160e-02
-2.029468359306080098e-03,-1.679832539377575096e-02
-1.987634921530223933e-03,-1.685343517911085109e-02
-1.966973016144185279e-03,-1.687116379010821302e-02
-2.124847551356653062e-03,-1.683791028390154917e-02
-2.051319280911857810e-03,-1.692628482681649005e-02
-1.933000843062053151e-03,-1.682413163931528385e-02
-2.073901165423402363e-03,-1.683527658298595783e-02
-1.972469139143086941e-03,-1.686368342242681659e-02
-3.228596724066638054e-03,-1.725352538047639564e-02
-2.224106174109555766e-03,-1.687764666432420985e-02
