-2.299879735353049792e-02,1.627846826155473006e-02
-2.277714797805896474e-02,1.628720576598774450e-02
-2.253653755681002749e-02,1.595564234020407923e-02
-2.274136292307886095e-02,1.603449519588891550e-02
-2.247907641427622852e-02,1.591608288114598757e-02
-2.217183106553395969e-02,1.556180526339634440e-02
-2.236126686055717183e-02,1.576729031681593438e-02
-2.211949544035574089e-02,1.556387612570560817e-02
-2.191253459862148659e-02,1.534021038289094287e-02
-2.195091517341822215e-02,1.545547962650391759e-02
-2.160562010623627224e-02,1.508446840581541791e-02
-2.171496533759083650e-02,1.516381144573456831e-02
-2.178676517350190342e-02,1.507141930583041044e-02
-2.125110791544378500e-02,1.480716489808978943e-02
-2.131135379083052769e-02,1.483352972876176602e-02
-2.117134528040450284e-02,1.469992173235453413e-02
-2.093589267961160072e-02,1.443559144468845902e-02
-2.116796214250711919e-02,1.458825205122919223e-02
-2.084052707829076034e-02,1.432720788113495125e-02
-2.063443052491764629e-02,1.416138455817620746e-02
-2.077557710326405349e-02,1.434241622140704740e-02
-2.052681048622428950e-02,1.400896882237508655e-02
-2.057142002043606602e-02,1.405321770868850351e-02
-2.038129646453841828e-02,1.396417759399781744e-02
-2.006733604745232838e-02,1.366093667526039647e-02
-2.026348606544485162e-02,1.379175434597823546e-02
-2.008571871036650067e-02,1.367044099864581953e-02
-1.996959031242280871e-02,1.348231478414681737e-02
-1.992620599703794418e-02,1.370198807958500353e-02
-1.974908874160792929e-02,1.347220725941200570e-02
-1.976408830509672129e-02,1.323721119754058505e-02
-1.979540342822190893e-02,1.339169354627685847e-02
-1.944238303618721006e-02,1.304181126074740148e-02
-1.940652213280691374e-02,1.315734450215044760e-02
-1.931197009576971976e-02,1.324829848419913601e-02
-1.926936928787315040e-02,1.286059634006372042e-02
-1.942098702841395588e-02,1.306269390189333281e-02
-1.925130348012482617e-02,1.292756886064168852e-02
-1.902646383127522614e-02,1.270622824992388190e-02
-1.929866858240973301e-02,1.295409351518535777e-02
-1.906610653932779356e-02,1.270596501572499905e-02
-1.897483449293794686e-02,1.264465983445828279e-02
-1.901305691400708223e-02,1.264483362952380750e-02
-1.897862897051934630e-02,1.250121100703061039e-02
-1.907186974367125476e-02,1.241736135477437310e-02
-1.861806244493776144e-02,1.270203935001560681e-02
-1.883800942231854056e-02,1.224431547937239982e-02
-1.884551828410800309e-02,1.243712132815392481e-02
-1.856008586908497460e-02,1.225920785163932790e-02
-1.852580036738056893e-02,1.226681859306470203e-02
-1.879084072095519795e-02,1.236953784929450961e-02
-1.863619196276659548e-02,1.219405414121747279e-02
-1.848013899443449667e-02,1.200987221306215602e-02
-1.851587557537637263e-02,1.236848349096771570e-02
-1.828442156819964914e-02,1.192933916574112629e-02
-1.834880960529790619e-02,1.204620447828586016e-02
-1.826873559408581649e-02,1.204461205648440190e-02
-1.819802524424037407e-02,1.184408404135036362e-02
-1.831180814192652842e-02,1.218680517034583487e-02
-1.822022924911019179e-02,1.189512855765865497e-02
-1.821733738486367923e-02,1.181867178391430608e-02
-1.819991663689697961e-02,1.194269951102485371e-02
-1.796610585045906386e-02,1.175593678631285145e-02
-1.813025237588024655e-02,1.168390069189673142e-02
-1.821531768004754429e-02,1.182858178891395794e-02
-1.775126574219869011e-02,1.156516469148634839e-02
-1.808280982437648898e-02,1.164428804527406491e-02
-1.772172193851658320e-02,1.168533601421143688e-02
-1.770737296397576974e-02,1.149831063638802851e-02
-1.776673617071493003e-02,1.161703024874882750e-02
-1.775636053793354027e-02,1.159590314925303643e-02
-1.779690770817462034e-02,1.138884148593214719e-02
-1.770347657020550705e-02,1.147473499930740104e-02
nan,nan
-1.767054451608999696e-02,1.155371091470754584e-02
-1.776681716150326287e-02,1.169073887835610746e-02
-1.727388887530075315e-02,1.155583210195332278e-02
-1.741041453372556627e-02,1.177149829474485009e-02
-1.766444650991587026e-02,1.177957116259971924e-02
-1.730372824463533021e-02,1.163389314915833951e-02
-1.738821705306137222e-02,1.184009303379836807e-02
-1.755944084180786555e-02,1.176330119878765679e-02
-1.725874799117181266e-02,1.157752225652893506e-02
-1.724292066038790594e-02,1.171655306014499943e-02
-1.723757602023456847e-02,1.166408591682880670e-02
-1.723151889033195869e-02,1.165193750841941878e-02
-1.693494038938044358e-02,1.173391224234669218e-02
-1.720623965489772103e-02,1.156977887156740437e-02
-1.717191502809956027e-02,1.169504300991497381e-02
-1.712225219173872312e-02,1.165005335693865794e-02
-1.692777714716090995e-02,1.150152161848505550e-02
-1.725364066615264758e-02,1.179422335192777636e-02
-1.718661144867528190e-02,1.165551371438922068e-02
-1.697218729067340171e-02,1.145756788855289976e-02
-1.715949668568102562e-02,1.173395333700466558e-02
-1.680020767318042910e-02,1.148506473601740296e-02
-1.699472021790726650e-02,1.151843290827410902e-02
-1.704301400882483539e-02,1.162066160425393770e-02
-1.687876656823576391e-02,1.144703037641522057e-02
-1.686167981774892508e-02,1.150974981062787526e-02
-1.694682421234416925e-02,1.152909035294095476e-02
-1.657077948608457960e-02,1.128161427645157922e-02
-1.670702037839189025e-02,1.144690796337351733e-02
-1.675611708682700485e-02,1.136887319016799403e-02
-1.670588417386724076e-02,1.125820381765222679e-02
-1.689509519155670339e-02,1.141647047776158351e-02
-1.662317212162249189e-02,1.129293745528614501e-02
-1.657167586426466777e-02,1.118023739414112684e-02
-1.663852516278208071e-02,1.125542132702698518e-02
-1.635946307322396279e-02,1.099564525076535126e-02
-1.645470166317297700e-02,1.115111417097702784e-02
-1.647331173527488701e-02,1.111600381550840490e-02
-1.619939081141064108e-02,1.097183529312206751e-02
-1.643552780372958821e-02,1.104798087225263535e-02
-1.609533541726571038e-02,1.097428179371610392e-02
-1.625342364653581395e-02,1.094167604597425479e-02
-1.632957079588825966e-02,1.094969364464189708e-02
-1.596797290778824777e-02,1.080240277798079872e-02
-1.619837896478711417e-02,1.084391621024183294e-02
-1.612789283426629972e-02,1.088247783918168919e-02
-1.581156156078107958e-02,1.065283105863764311e-02
-1.602361701348908873e-02,1.077284290711070548e-02
-1.590723106763869410e-02,1.065008733434809861e-02
-1.571535356207849968e-02,1.049716823329556979e-02
-1.588275346702106017e-02,1.070059227054424335e-02
-1.591789826664872717e-02,1.053082544335322800e-02
-1.562992609315346296e-02,1.049652107775115618e-02
-1.589778448453131252e-02,1.046326942803525208e-02
-1.541418507049626373e-02,1.032512050562606198e-02
-1.541033410226681256e-02,1.035003714425649333e-02
-1.577139221414377082e-02,1.045889249536643105e-02
-1.519921628007899449e-02,1.019114206655502564e-02
-1.565076764383292393e-02,1.035036498419894535e-02
-1.551987382490327416e-02,1.032391290336705757e-02
-1.525806115457935784e-02,1.001708263375851969e-02
-1.534139765995309011e-02,1.026703176493715119e-02
-1.533318317986812930e-02,1.006731600188589225e-02
-1.518442006086739848e-02,9.995211912083709280e-03
-1.527948444716594432e-02,1.020287575592619157e-02
-1.503768406820652805e-02,9.900762310926403131e-03
-1.512857288354522468e-02,9.994214196999973154e-03
-1.530382403322775621e-02,1.007634641294023227e-02
-1.484002423397453273e-02,9.780667848927096855e-03
-1.514621224396250909e-02,9.894491430558094436e-03
-1.514592217222591498e-02,9.903100637860706712e-03
-1.478111487305614792e-02,9.604901722425932334e-03
-1.514382397147347702e-02,9.933768643137034018e-03
-1.475016158717016614e-02,9.744390636711250039e-03
-1.496687017179595090e-02,9.601555283480944780e-03
-1.504179124736574648e-02,9.742435046453593386e-03
-1.464922490899001062e-02,9.525364879651831984e-03
-1.453262285787881858e-02,9.524367526315172597e-03
-1.485003043729238303e-02,9.605649662482932186e-03
-1.473655999404880658e-02,9.348644491922334168e-03
-1.454053365516790562e-02,9.494478682987139706e-03
-1.456353545351725919e-02,9.457523313962582293e-03
-1.450223210511895379e-02,9.310485788235419932e-03
-1.480773248645121144e-02,9.429875822781466979e-03
-1.420960584800431102e-02,9.521713465222125805e-03
-1.445301384054376026e-02,9.259537994479613218e-03
-1.456789030697691611e-02,9.475930229562315801e-03
-1.430848488252456363e-02,9.078241920445817570e-03
-1.441387738270153741e-02,9.361979753844304128e-03
-1.468370841168746034e-02,9.347346501643963648e-03
-1.411797875526384603e-02,9.075920358226611043e-03
-1.454432966488446687e-02,9.168949948002916642e-03
-1.413798612773035403e-02,9.302538119170108630e-03
-1.417107004427190821e-02,8.943522510416782381e-03
-1.437142559755285286e-02,9.177772963939956341e-03
-1.426776552140437103e-02,8.877919849564985810e-03
-1.385264013449830946e-02,9.118759480458260569e-03
-1.411188620405567917e-02,9.026267463324133544e-03
-1.405265497812391295e-02,8.899022652140967451e-03
-1.419173569165051683e-02,8.962946141025144101e-03
-1.392581900611648306e-02,8.969813795451031524e-03
-1.384980433892576100e-02,8.841444270722456991e-03
-1.407851131365208362e-02,8.916493594600819264e-03
-1.399565259145274521e-02,8.897927271575234442e-03
-1.367500572367522961e-02,8.549540727752935609e-03
-1.419956303416728717e-02,8.812731179318689101e-03
-1.372797223213266006e-02,8.869474566989868705e-03
-1.373510668980419160e-02,8.674439127698571270e-03
-1.392307003906623208e-02,8.852981706174286800e-03
-1.343385003608577044e-02,8.502031204975502021e-03
-1.394244890955679585e-02,8.609372455126163004e-03
-1.349759210089851447e-02,8.725089334329730675e-03
-1.336171432227765445e-02,8.400801183962691709e-03
-1.369439193562878819e-02,8.638352737094123768e-03
-1.356071140796703302e-02,8.531527618786135733e-03
-1.330943977862368045e-02,8.284796184073664818e-03
-1.356538156921834569e-02,8.521521525409006884e-03
-1.347090633022333429e-02,8.426318375871488797e-03
-1.336627407585307646e-02,8.339576259846973386e-03
-1.358862554109267241e-02,8.407766371225347882e-03
-1.327268994153722216e-02,8.317155596539338447e-03
-1.342286496938793761e-02,8.304918157774935153e-03
-1.359468680415039897e-02,8.287688002815910351e-03
-1.296892931999708322e-02,8.272464770863333441e-03
-1.316820606067466669e-02,8.312289709187773226e-03
-1.330299799413899552e-02,8.213152737723902405e-03
-1.315711760016657905e-02,7.963484431903347996e-03
-1.320214336309410985e-02,8.255617035749654789e-03
-1.307255584180622154e-02,8.051442590095492235e-03
-1.310856319953531378e-02,8.134308908639939148e-03
-1.306401857992386083e-02,8.207650662813481546e-03
-1.313125125525127501e-02,7.946086083286655125e-03
-1.299654442892524651e-02,8.091170337338823501e-03
-1.312177901627797905e-02,8.122046491895629217e-03
-1.277912072045757873e-02,7.912273363357350334e-03
-1.304122545313379788e-02,7.989539549495697571e-03
-1.314816408913725178e-02,7.874953937312781718e-03
-1.258688633160942594e-02,7.942576105061180045e-03
-1.295010864990390510e-02,7.980468806806509732e-03
-1.305382920500586241e-02,7.820847502350828165e-03
-1.305720947019695100e-02,7.457284873209808936e-03
-1.261053081773825559e-02,8.064428190240743519e-03
-1.259546944474324894e-02,7.620872800387552999e-03
-1.275826459121250610e-02,7.790370117686240548e-03
-1.268299669650348703e-02,7.565718530875065184e-03
nan,nan
-1.259142354035406620e-02,8.000261096669106578e-03
-1.280404282384347246e-02,7.944155198851424529e-03
-1.254849058788280215e-02,7.874482451299735786e-03
-1.259284084857481556e-02,8.178258775559074309e-03
-1.250279855494584869e-02,8.091853309490470991e-03
-1.262302769581472896e-02,8.019494044693672649e-03
-1.245168693025189288e-02,8.210803803033886808e-03
-1.235250068173258421e-02,8.039180706747325530e-03
-1.273609178158367251e-02,8.205356533726781976e-03
-1.240885730141261245e-02,8.129629380358402088e-03
-1.258868364003170280e-02,8.079550606619134712e-03
-1.232548188779429045e-02,8.198029828099917538e-03
-1.225575631831491742e-02,8.064388565844534881e-03
-1.248835117584686481e-02,8.047577391663729429e-03
-1.239009305605753841e-02,8.174687453136689555e-03
-1.232967918583508828e-02,8.009772579457230535e-03
-1.236650728771175080e-02,8.111923426803224757e-03
-1.233054225705839356e-02,8.186096586208687839e-03
-1.215994697238057844e-02,7.951775969349853326e-03
-1.229204540094956145e-02,8.107780275995901675e-03
-1.224705883075168610e-02,8.068439557479120325e-03
-1.209708931504390426e-02,7.932102136340990484e-03
-1.235089468675176771e-02,8.129555916135325702e-03
-1.233312158219542452e-02,8.021511190556532625e-03
-1.185589286195480076e-02,7.914119289320101572e-03
-1.225489436336620573e-02,8.114726615179534974e-03
-1.212883205404509911e-02,7.929483667505085251e-03
-1.216514285614500590e-02,8.007698883230421685e-03
-1.206793269259916722e-02,8.005756328936556102e-03
-1.200175220581582193e-02,7.808489269789904881e-03
-1.214200374633367385e-02,7.889351742462006115e-03
-1.193388538267333397e-02,7.892780471845606272e-03
-1.184036694611216058e-02,7.713722910064928044e-03
-1.197895879920174433e-02,7.879534273859492913e-03
-1.171244848422936524e-02,7.716798700348063804e-03
-1.184017901865060639e-02,7.754678881098338479e-03
-1.182560981374044216e-02,7.834730074581353065e-03
-1.165635197979605041e-02,7.635522028618391133e-03
-1.163314584040601486e-02,7.720081279217157373e-03
-1.183829529237471513e-02,7.744445930845851762e-03
-1.133833088290370217e-02,7.476276649606076845e-03
-1.188724346647610820e-02,7.735925796262217886e-03
-1.150544363500042612e-02,7.563471211697203600e-03
-1.140898406245760555e-02,7.364720972547293514e-03
-1.158131326819259767e-02,7.612866799404205409e-03
-1.137823994651906111e-02,7.446548346961974658e-03
-1.129596324485667401e-02,7.331218288968877062e-03
-1.143695847574025849e-02,7.525611367655023372e-03
-1.125182170990338994e-02,7.279683383227079745e-03
-1.120448314210183670e-02,7.262642883197667487e-03
-1.120728741553341477e-02,7.326422112568620193e-03
-1.104890160791283105e-02,7.118511552089164425e-03
-1.109852963065642052e-02,7.209614712086438899e-03
-1.110078023222138555e-02,7.131275017285092048e-03
-1.090552366480353717e-02,6.950159878975921586e-03
-1.118262698655181353e-02,7.181692179167938235e-03
-1.095897356842564195e-02,6.983964985449360625e-03
-1.089598335468337266e-02,6.920352681060393252e-03
-1.118258125563757234e-02,7.056214725174407391e-03
-1.055389625533054154e-02,6.877558289663632252e-03
-1.086217178608717138e-02,6.855659519599950798e-03
-1.084776782347981160e-02,6.819806858594216863e-03
-1.052178955603274256e-02,6.708008678813530239e-03
-1.065250602969355052e-02,6.819789542718075921e-03
-1.059123008827774458e-02,6.599513827316938475e-03
-1.043048182633062558e-02,6.635967490517351124e-03
-1.062628850009883497e-02,6.741052579038416155e-03
-1.041179134018595763e-02,6.392841134658544533e-03
-1.011014668231724478e-02,6.560417301449443343e-03
-1.053965526373109272e-02,6.594340469192309755e-03
-1.005316539146664835e-02,6.307019557368527714e-03
-1.035354739803073798e-02,6.490598600742562667e-03
-1.019873269903603941e-02,6.496525628123158043e-03
-1.003331298410303773e-02,6.230883603779065368e-03
-1.023137089822689916e-02,6.371748110035750472e-03
-1.000311974062743393e-02,6.363641316730357829e-03
-9.981242999265246482e-03,6.210766290776954975e-03
-1.025923159533163355e-02,6.302661597980059767e-03
-9.781198061558638024e-03,6.263829774493023805e-03
-1.011722302404149954e-02,6.119330180978321820e-03
-1.006124782733786027e-02,6.210243397406130413e-03
-9.854430262877836647e-03,6.065864802815790213e-03
-1.000239056867121244e-02,6.139957362301033499e-03
-9.958249651011738188e-03,6.091060556920213642e-03
-9.784031815931681919e-03,5.895368740109023335e-03
-9.863208711329321879e-03,5.995481005331093627e-03
-9.624801591901524858e-03,6.060551482640989633e-03
-9.547660870664128815e-03,5.792422540029725127e-03
-9.663377661729458459e-03,6.022300569505330443e-03
-9.801128433838882451e-03,5.812452772151033287e-03
-9.509106044307361408e-03,5.832992901004807607e-03
-9.570132075333562596e-03,5.989459058237593496e-03
-9.583787250941000480e-03,5.623477993287846928e-03
-9.387549928590921411e-03,5.838649059904795109e-03
-9.563199572617309130e-03,5.796686548513359412e-03
-9.240810668780907733e-03,5.567652823506537459e-03
-9.532436482122394125e-03,5.862693374004172668e-03
-9.232035917794719979e-03,5.602272205663894056e-03
-9.265679894949233400e-03,5.576144703238083977e-03
-9.496011063111894565e-03,5.682809239582790710e-03
-9.101090815282134386e-03,5.591233960640910709e-03
-9.124338778501828173e-03,5.465182396202565400e-03
-9.202786024102183049e-03,5.529214910874991062e-03
-9.262287918175701393e-03,5.403122660865955496e-03
-9.271018949294976622e-03,5.390286266319248114e-03
-9.068571650595602662e-03,5.623710443314999807e-03
-8.824407639149748142e-03,5.306298456954516851e-03
-9.315982022826019282e-03,5.436790395915824803e-03
-9.024914706003417386e-03,5.202396142717669036e-03
-8.840652573895916091e-03,5.236068572958589400e-03
-9.145480518947812776e-03,5.303479613689339629e-03
-8.750123653312328123e-03,5.211114778042036377e-03
-8.680081608357833808e-03,5.270485418334376788e-03
-8.923709966032792110e-03,5.299367094925584894e-03
-8.517455362889170267e-03,5.106394027334741452e-03
-8.847341250173426999e-03,5.151817458643422228e-03
-8.888041095439391803e-03,5.037778042231710884e-03
-8.448134003347429477e-03,5.079405713898384363e-03
-8.598076729072126959e-03,5.107264582922137024e-03
-8.833705052954740275e-03,4.995036950318591622e-03
-8.443593732938089666e-03,4.912342418566788098e-03
-8.671663145565259093e-03,5.051057818800552823e-03
-8.403082941734937514e-03,4.721287492035116003e-03
-8.551045238020230435e-03,5.003858052488115334e-03
-8.393496213630391445e-03,4.961390069162592738e-03
-8.371074310939344634e-03,4.658520663055461426e-03
-8.402648329585593601e-03,4.843210803376241103e-03
-8.449433751984480878e-03,4.773500754229924141e-03
-8.329368228806513855e-03,4.581186608361968553e-03
-8.501530643037491508e-03,4.823345575238595188e-03
-8.298413978272689562e-03,4.583200849249458031e-03
-8.110598352834489169e-03,4.715242670895181121e-03
-8.288069218915191869e-03,4.770038868341819338e-03
-8.113767252083162532e-03,4.590058358525957345e-03
-8.297845184449722730e-03,4.564187962657377355e-03
-8.019304422638243515e-03,4.852293455205473720e-03
-7.943032751339043976e-03,4.340380235969461438e-03
-8.126363081343438224e-03,4.623851793212378596e-03
-8.301752502655709506e-03,4.468221622330625920e-03
-7.829915499342346777e-03,4.621683619950560200e-03
-8.203678909806000341e-03,4.530431151143969430e-03
-7.824997092546989372e-03,4.493782609617265507e-03
-7.978417455811145573e-03,4.271359291971643657e-03
-7.804368540758388484e-03,4.677789195389673964e-03
-7.786646455410643590e-03,4.286548200258681433e-03
nan,nan
-7.747623867195296832e-03,4.626209927429532527e-03
-7.764682490062162039e-03,4.518048193767665310e-03
-7.889780174015018424e-03,4.762899467742738764e-03
-7.795137280192210305e-03,4.832028618564724980e-03
-7.666033797898578854e-03,4.624072336869418549e-03
-7.952474936071837405e-03,4.882075115673585770e-03
-7.475157249906809291e-03,4.698746718782824232e-03
-7.693102799766242221e-03,4.713757488865155665e-03
-7.662742862479106527e-03,4.863655505499202107e-03
-7.553450324328562886e-03,4.677478576046760310e-03
-7.461390105660973930e-03,4.802303244012096073e-03
-7.656571652641330772e-03,4.836437069350922428e-03
-7.322844371764299261e-03,4.612602977027184352e-03
-7.707632281453065566e-03,4.836935048638431496e-03
-7.299097503558393818e-03,4.716216155999042314e-03
-7.438933743321792143e-03,4.632895985710113081e-03
-7.555419980372235500e-03,4.885149836442910683e-03
-7.239627396671055592e-03,4.647456428392408682e-03
-7.466354004705189062e-03,4.678674548663182449e-03
-7.621683187305161589e-03,4.836497257068916866e-03
-7.157552952195149303e-03,4.547773265431616536e-03
-7.406612775601136185e-03,4.754931664463131653e-03
-7.225807933932459903e-03,4.644986851758255327e-03
-7.277636433084322398e-03,4.499050693639909497e-03
-7.431016896645603609e-03,4.679751992523240034e-03
-7.209184862190316963e-03,4.563823784855462577e-03
-7.059590656097587853e-03,4.491048227993177377e-03
-7.301592846664650693e-03,4.688127547249306033e-03
-7.070330018872250655e-03,4.417480628159016660e-03
-7.222795741565553491e-03,4.524177148920838221e-03
-7.229255556197171188e-03,4.572634404153304473e-03
-6.960299226891268447e-03,4.371393836456387121e-03
-7.077129319346194165e-03,4.520912736421189848e-03
-7.010749703847999996e-03,4.463143924715510906e-03
-6.910855399331561344e-03,4.216308786895606175e-03
-6.976742175361631652e-03,4.468470018124485847e-03
-6.852362066058215184e-03,4.264893056166470416e-03
-6.711982494270518629e-03,4.207012089463058047e-03
-6.972213430998593260e-03,4.339680921493134676e-03
-6.712904183109695382e-03,4.198305383833404562e-03
-6.734860497067174379e-03,4.132798684739554147e-03
-6.770457299887788771e-03,4.287604403047613928e-03
-6.415477098286159752e-03,4.053872492085035077e-03
-6.674215238682390527e-03,4.195879289226489561e-03
-6.673343757291820381e-03,4.167902469502123182e-03
-6.308060550349936513e-03,3.970655557342587898e-03
-6.641773174966170146e-03,4.089935374761137325e-03
-6.319608298651672833e-03,3.888184186903916647e-03
-6.438153287314563045e-03,3.882383939940448059e-03
-6.433166415125517006e-03,3.962591189311304163e-03
-6.122150729821511199e-03,3.760645983424071304e-03
-6.345446340445981548e-03,3.876767856496007077e-03
-6.205815889219386434e-03,3.848919275447985292e-03
-6.086384933015535730e-03,3.658923360529457106e-03
-6.334205492868190575e-03,3.821989117966273497e-03
-6.259333751367705638e-03,3.814349305216513386e-03
-5.907171237974499604e-03,3.608946664678554846e-03
-6.201074851006589846e-03,3.757681591538553079e-03
-6.033385670824046969e-03,3.644392484781248335e-03
-5.926627704650762503e-03,3.483633254374914664e-03
-6.012661679918355866e-03,3.713894778595812959e-03
-5.849377917713376000e-03,3.534611282737687432e-03
-5.804408954870554638e-03,3.526376900769031316e-03
-5.927397575791008670e-03,3.481553820640082009e-03
-5.762169288768863133e-03,3.329689019363701874e-03
-5.697852162654097434e-03,3.405932504883413259e-03
-5.696627256182806853e-03,3.426769649822691832e-03
-5.362373044796290948e-03,3.292816913095612200e-03
-5.623758833751731252e-03,3.323260274071075052e-03
-5.598572924274569651e-03,3.286205841228036825e-03
-5.461575572932401805e-03,3.147970740334719245e-03
-5.618646378281503921e-03,3.231706376577066827e-03
-5.433282343130822582e-03,3.112094365631978832e-03
-5.448362951116170194e-03,3.107969551405723955e-03
-5.546279370645519798e-03,3.251969622102945934e-03
-5.198475813296872701e-03,2.995697045646764870e-03
-5.442445532664448755e-03,3.237409134947336845e-03
-5.290442521893368166e-03,3.064282664322792726e-03
-5.074208389667507653e-03,2.861862240843837668e-03
-5.408323263268195909e-03,3.098958967598708369e-03
-5.178866716403700103e-03,2.881279091537939600e-03
-5.288696900980882631e-03,2.897164163013924657e-03
-5.204977556944416321e-03,3.092345155045306271e-03
-5.077730824055308283e-03,2.726287034074218688e-03
-5.128982045142338464e-03,2.908594265663773989e-03
-5.229495392687762319e-03,3.042418969512850069e-03
-4.981472718705896689e-03,2.738655108335633862e-03
-4.996213364556578718e-03,2.878397760655163843e-03
-5.106397893960723522e-03,2.821355056813912299e-03
-4.781438394938941627e-03,2.609914563794483392e-03
-5.018607238336654681e-03,2.944402491700174544e-03
-5.074098412360210190e-03,2.672279864588622544e-03
-4.625031176499779136e-03,2.516547949708754835e-03
-5.168936317632932820e-03,2.728172185235614670e-03
-4.807159678471857774e-03,2.510588703258080038e-03
-4.707810141332887006e-03,2.525999738398176930e-03
-4.825578069603042586e-03,2.643640717216862775e-03
-4.684185941473277374e-03,2.432279812078460331e-03
-4.912881786432084404e-03,2.527170603866683244e-03
-4.736577173749867420e-03,2.682152694089741992e-03
-4.532393390467182037e-03,2.352725276748568461e-03
-4.834392328732358031e-03,2.590643558743573657e-03
-4.651813812277787001e-03,2.413896480161584982e-03
-4.484165540850441715e-03,2.163087665362439793e-03
-4.476195145775944788e-03,2.655855858192390784e-03
-4.389474744890635265e-03,2.191934421379585721e-03
-4.526723575230946935e-03,2.329259146863327246e-03
-4.483439959239128754e-03,2.324208590753181532e-03
-4.196989051344098172e-03,2.080323339686144472e-03
-4.766521042082638715e-03,2.315782421357030166e-03
-4.168554104723239291e-03,2.323232315576628793e-03
-4.296937071752086716e-03,2.077643920807448197e-03
-4.529043944768051944e-03,2.203414844182146389e-03
-4.145435418482372285e-03,2.188752452681204993e-03
-4.326157043364513115e-03,2.022131192528808796e-03
-4.285232376778728806e-03,2.103447691467567274e-03
-3.737861157653769254e-03,2.103072441269097318e-03
-4.355185018922476566e-03,2.043004924249099737e-03
-4.082059257572323574e-03,2.080258246606255575e-03
-3.953813980374532022e-03,1.907811359860141611e-03
-4.136320174570218278e-03,2.068644895139323033e-03
-3.976394679318244300e-03,1.971127807895471044e-03
-3.883095001609215835e-03,1.904142799811954891e-03
-3.998447381618215786e-03,2.183372790379056738e-03
-4.013782636860252495e-03,1.782660570447921035e-03
-3.918464476495464588e-03,1.716774161270103296e-03
-3.932006117120264051e-03,1.948176696066061808e-03
-3.875900047161354948e-03,1.601084190406979911e-03
-3.761984778756814144e-03,1.947188439536488456e-03
-4.125695335295387345e-03,1.703634869959798738e-03
-3.571452140647912721e-03,1.708230172604722650e-03
-3.817663869842021548e-03,1.883289402251575595e-03
-3.828841102684221731e-03,1.725910798924035205e-03
-3.609708741166136377e-03,1.609893032662827348e-03
-3.910542765783360693e-03,1.855441236311872188e-03
-3.871385186193861735e-03,1.593034803404854262e-03
-3.730887416923326597e-03,1.646182207027502287e-03
-3.746612856967460829e-03,1.706102668534918319e-03
-3.573459841021235043e-03,1.615222872998571145e-03
-3.880598721172597628e-03,1.552426287908599935e-03
-3.643476927021049860e-03,1.648250866745397001e-03
-3.568215927959195177e-03,1.340941730770224940e-03
-3.620225598179057421e-03,2.014247453031063010e-03
-3.567951491047938184e-03,1.435305575905987396e-03
-3.547718315074425369e-03,1.400142309912144611e-03
nan,nan
-3.353709433892423149e-03,1.516114522091068341e-03
-3.405546996955351787e-03,1.772119185374861463e-03
-3.451087744545648043e-03,1.827110734812601887e-03
-3.302661199144204304e-03,1.721715851600450929e-03
-3.460015499582969056e-03,2.006354279583622002e-03
-3.481133651509519481e-03,1.986866118360186562e-03
-3.344004425315719956e-03,1.927135048631549051e-03
-3.425310295153175758e-03,2.115649571689785183e-03
-3.350482485283357015e-03,2.029344953215087791e-03
-3.297742507302081627e-03,1.993243497244723272e-03
-3.211756256069508986e-03,2.282171665410004380e-03
-3.232650130936098876e-03,2.049958235441776914e-03
-3.388426645895781242e-03,2.172585245502863579e-03
-3.210849725385803936e-03,2.143705519834634195e-03
-3.192411846517676736e-03,1.996968288371666397e-03
-3.380840950254519143e-03,2.160681415610173680e-03
-3.257652551159358808e-03,2.091040501082108705e-03
-3.076242420149995823e-03,1.973805350792723345e-03
-3.286829685862172837e-03,2.137031965069313699e-03
-3.187948087499115069e-03,1.982094450582838618e-03
-3.180235691845556545e-03,2.035451580146248936e-03
-3.243349015147186428e-03,2.145531934200380682e-03
-3.064202835018884578e-03,1.918458017153771731e-03
-3.131757004414851501e-03,2.057985671130987178e-03
-3.091974732841210830e-03,2.122830951918341924e-03
-2.881568757673758086e-03,1.865828914282626318e-03
-3.087122432405017044e-03,2.195933821541003802e-03
-3.158860718836235208e-03,2.037015551120457957e-03
-2.918524144553180655e-03,1.919934013937825814e-03
-3.149564340657162731e-03,2.138243327959310491e-03
-2.923782132986644470e-03,1.896516915711465856e-03
-2.657351462642417502e-03,1.855656760466025236e-03
-3.050479074738136290e-03,1.969271509763818265e-03
-2.602663932365375295e-03,1.709317584163298374e-03
-2.966694241918125478e-03,1.914447927318392974e-03
-2.829229080316834292e-03,1.822349584717978697e-03
-2.575609087232348052e-03,1.555370004790187057e-03
-2.865551978203114466e-03,1.886363402015940995e-03
-2.660952271134239041e-03,1.727069566704653170e-03
-2.582114391171360431e-03,1.663230807708767191e-03
-2.699351046018631187e-03,1.912626588449040099e-03
-2.643979043218336322e-03,1.599757916606418416e-03
-2.467194278739389453e-03,1.701630683544452793e-03
-2.640141348337084800e-03,1.733838097832747895e-03
-2.494046154490670020e-03,1.472903532386752755e-03
-2.729964988266275761e-03,1.664819815462144749e-03
-2.392003530635548273e-03,1.555405646860963387e-03
-2.465522892307910659e-03,1.419350877260342923e-03
-2.418790453554753306e-03,1.625490271874345137e-03
-2.431254749604668582e-03,1.476369395382759464e-03
-2.238147542085067165e-03,1.292763713168998407e-03
-2.309435266330983616e-03,1.628818494668005101e-03
-2.389328523915120513e-03,1.307014317121139467e-03
-2.156515021934442885e-03,1.338038043590043412e-03
-2.264710443124706707e-03,1.430957040922109513e-03
-2.075460976847483870e-03,1.165412124441767006e-03
-2.231680445055062023e-03,1.411137412156963531e-03
-2.053949862861041090e-03,1.271011473539696013e-03
-2.029973011652160594e-03,1.092645317233150283e-03
-2.275418443621779474e-03,1.320728759210817007e-03
-1.985464182556628820e-03,1.166609728685985559e-03
-1.945811557678330363e-03,1.095958263882979011e-03
-2.127966149563453868e-03,1.160617876559966177e-03
-1.890298182438909791e-03,9.388257218139184346e-04
-1.789393967932799033e-03,1.049215416421001024e-03
-1.976733406650758255e-03,1.089716183264810567e-03
-1.665040283883885809e-03,8.368421838370240220e-04
-1.892461309989916128e-03,1.040830234778781669e-03
-1.808387739256252626e-03,1.032978855141826859e-03
-1.504962742288433073e-03,7.865721501563172069e-04
-1.801539341960885611e-03,9.787623222948422814e-04
-1.598431890547202805e-03,8.403982797555720197e-04
-1.609132436763860419e-03,6.566520142192722176e-04
-1.575947355123748618e-03,7.970730877910892076e-04
-1.551855650399946995e-03,5.635958798337892262e-04
-1.511979104810860395e-03,9.742024107506352948e-04
-1.286087096112146664e-03,6.587097802938460820e-04
-1.430050574882620442e-03,6.400073029975139605e-04
-1.562709841171350256e-03,7.072493983188987698e-04
-1.388082531516639630e-03,7.567281276483761587e-04
-1.285064517761891345e-03,4.842747888431642167e-04
-1.449759866776164198e-03,6.498204827299532962e-04
-1.216663941171813867e-03,4.694565655868713767e-04
-1.173045821870647874e-03,5.238948029002710172e-04
-1.225714587756517428e-03,6.338069793103695559e-04
-1.168143404119896143e-03,3.738548872396958993e-04
-1.559350489983568622e-03,3.715685300410924148e-04
-8.612311467660985773e-04,7.751056018151883950e-04
-9.708270867422319483e-04,1.990735108289657664e-04
-1.051514029218695743e-03,5.407467085662235337e-04
-1.267310173688936505e-03,5.063968978422650480e-04
-1.051314277950650801e-03,2.454683689051921354e-04
-1.276280990279247572e-03,5.370464264143522950e-04
-9.498016794199001236e-04,3.238275897243791945e-04
-1.031734301820167897e-03,3.359130300229680737e-04
-1.043730904516593228e-03,3.637705213879183219e-04
-7.698855982387620145e-04,1.979697247448767574e-04
-8.774782390995975465e-04,3.150828346608254842e-04
-9.051000985303980784e-04,2.505128003830551782e-04
-7.296521316268270727e-04,1.162243782559061882e-04
-1.116167403201455020e-03,1.549571678379398629e-04
-6.279547796108989619e-04,3.412307370954288936e-04
-6.021767417488573795e-04,7.898615388642522838e-05
-1.004150981425995905e-03,2.826350026921738427e-04
-6.758731154611711265e-04,6.412162603597337807e-05
-7.143338901580328351e-04,1.080630168371528728e-04
-8.637382477753400298e-04,2.563271818882088476e-05
-5.048697894980783705e-04,4.024459299597123863e-05
-5.596066986139902610e-04,5.072556806928751882e-05
-6.768449575502710758e-04,-3.823235058978783496e-05
-3.397939012912409851e-04,5.358136083784732953e-06
-8.195613354929539565e-04,-2.379305916377916219e-05
-5.344889327692688976e-04,-1.183229745387315290e-04
-4.423286589929631418e-04,-6.920582296787713972e-05
-7.096049987489472244e-04,-6.009581466067300670e-05
-2.443649851306591296e-04,-9.618428541968704337e-05
-2.970052120340183066e-04,-2.284586963330337284e-04
-6.322736980502637874e-04,-6.766507982947089772e-05
-1.102948228624001104e-04,-4.225232260055555855e-04
-5.726044827133458526e-04,-6.765331682778708000e-05
1.044454773085901067e-04,-2.155644297963850984e-04
-4.736121525874177900e-04,-3.325569982510027662e-04
-4.570986900623852378e-04,-1.913017620009208888e-04
-3.847065637326840815e-04,-1.641757265057700867e-04
-3.340734836362694855e-04,-4.210989518002398731e-04
-1.887051057524920803e-04,-1.533708010577061742e-04
-3.673256993403188338e-04,-4.827197524754171516e-04
1.840706453128578555e-04,-1.187381034531605624e-04
-2.495118535227325296e-04,-1.991058024532292028e-04
-2.459430748678048673e-04,-4.847657203382501061e-04
-2.515765753845118917e-04,-1.880949577686882033e-04
6.852090557910954494e-05,-3.446847058793759962e-04
-2.161233485856358381e-04,-4.967397984242024602e-04
-3.764136482403701578e-04,-4.538634937764444706e-04
1.781917544948496968e-04,-1.252340344558936782e-04
1.422694103850504486e-04,-5.737894206332416758e-04
-2.940344021375625454e-04,-3.240328051943297538e-04
1.926030486476918715e-04,-6.473644159337155202e-04
4.481319668851272564e-05,-3.425067108226986790e-04
1.717333395642543228e-04,-3.343370134806604162e-04
-1.158971748079403416e-05,-6.320886695501867205e-04
-1.895118136407969445e-05,-4.962464618868770447e-04
2.328201027043859948e-04,-4.761040092638631487e-04
2.524776745594185519e-04,-5.526615410344307708e-04
-1.059679218328909018e-04,-4.688738037642211092e-04
nan,nan
1.983743913358537725e-04,-3.235067006519543042e-04
1.790544115646645342e-04,-1.983928279326955537e-04
1.371749472122152369e-04,-2.800136618486733235e-04
1.386466248827951905e-05,-1.015501264201024156e-04
1.918366439949507343e-04,6.647972711866974316e-05
-1.142584852649915736e-05,-9.971657962215552118e-05
1.719087543120926748e-05,1.035878067621176513e-04
3.539106659740850336e-05,4.865165037533832748e-05
9.032634309450819621e-05,-1.155952743710682815e-05
6.942490151651270480e-05,2.296315918131804632e-04
2.122258882544988121e-04,2.511616574466894386e-05
1.015949823311620011e-04,1.257730199115680847e-04
-1.080445576395749896e-05,3.444690564748942307e-04
2.338596477495421264e-04,9.640360002061143518e-05
-7.637231445437968325e-05,2.490776836747699008e-04
1.656361426760251940e-04,1.945382843815401941e-04
2.694546812106457523e-04,7.262178692572322780e-05
7.949273250669926249e-05,3.220059784557379183e-04
2.539215817672172966e-04,1.572392021368015089e-04
4.268126884109750270e-04,9.830959627514050659e-05
1.105759450966692370e-04,3.686099261139830219e-04
3.800847263849919662e-04,8.113941310927685890e-05
3.026436866814252724e-04,1.795982541309045497e-04
1.640554946475599460e-04,2.346330319031123825e-04
4.741924767249772188e-04,4.536595434867507493e-05
2.495397573823628372e-04,2.772620382246830380e-04
3.490088350819690595e-04,1.676403999060956660e-04
4.716863270846083367e-04,6.603638411191899160e-05
2.125924815356376176e-04,2.451843424930248423e-04
5.931202907124936150e-04,-4.777352595001597164e-07
3.059896433450874360e-04,8.124610794779663081e-05
3.900118367875515801e-04,1.876191721348341446e-04
6.600168434837497830e-04,-1.278967965562630984e-04
3.769016025985856837e-04,8.564314148677236438e-05
4.223538596163829988e-04,4.501248710571855571e-05
7.430470067199731457e-04,-1.800929245800257097e-04
3.895123321058235888e-04,9.664466146186434514e-05
7.022342709497308988e-04,-3.502563176160933267e-05
5.666614217075816029e-04,-6.750080481935742660e-05
5.464878501125388635e-04,5.804018383763024513e-05
8.138912831681480728e-04,-1.068201959750029599e-04
6.881033954589202981e-04,-1.358183836742317960e-04
8.350379105194205565e-04,-9.439847961978387048e-05
9.247183512351986323e-04,-3.031839520110472526e-04
6.006769650251561057e-04,-6.077987987751498622e-05
7.376432118026224902e-04,-1.026384552201460993e-04
9.548569260610095810e-04,-3.534496371347580217e-04
6.333654494296384616e-04,-1.025462883400922036e-04
9.355013757829840895e-04,-2.810338595094681873e-04
8.883353399385581764e-04,-3.089486717258171922e-04
8.978733665166253050e-04,-1.929587046261005412e-04
1.066459365596054585e-03,-3.751640194421905212e-04
9.315178234374036368e-04,-3.631130401617148058e-04
8.659045291280845777e-04,-3.468104168537304295e-04
1.109657666577186898e-03,-5.259043789947644978e-04
1.147640568953778306e-03,-4.176559236204931418e-04
9.609583563390625702e-04,-3.740232231757012471e-04
1.350345219959174113e-03,-5.863527219834482320e-04
1.107277286864364772e-03,-3.825475625974424369e-04
1.283826796641962531e-03,-6.464348657444496382e-04
1.410093222992051974e-03,-6.254439639827117378e-04
1.273547803783636745e-03,-5.256328601782230816e-04
1.430371290686090592e-03,-6.826863240837847133e-04
1.459534670195476334e-03,-6.707408290493136480e-04
1.249024642415275110e-03,-6.157930628977551510e-04
1.617772822256354328e-03,-8.195811131107936251e-04
1.461218101215688847e-03,-5.856241502411041466e-04
1.362239413246905560e-03,-7.644773914577592802e-04
1.617530996837849731e-03,-9.027959167050939602e-04
1.387438233957150047e-03,-6.216726719789159592e-04
1.774951150842770222e-03,-9.756761988313211731e-04
1.484062238700752491e-03,-9.042394761723157029e-04
1.356374497285946614e-03,-6.997627755576107944e-04
1.809342346514937862e-03,-8.968135799791721041e-04
1.584097552032259770e-03,-7.738783946587742815e-04
1.531082655374382817e-03,-8.740634797137492029e-04
2.064183045752140174e-03,-8.582948998085241374e-04
1.382751314817132204e-03,-8.828679948956382742e-04
1.818973274263835371e-03,-9.441325820923976994e-04
1.925137642157144892e-03,-1.107967370885439397e-03
1.701371338898360897e-03,-8.093336634487821027e-04
1.834855837355024331e-03,-1.049552005272606390e-03
1.848808744540668013e-03,-1.044871386784477661e-03
1.745407989107753853e-03,-9.293018667329011606e-04
1.942871371419944591e-03,-1.177714356221789107e-03
1.949533084108427293e-03,-1.007552726536076193e-03
1.816708322239568574e-03,-1.010019767172150697e-03
2.133816315184981164e-03,-1.345182377142576822e-03
1.923694061058671021e-03,-8.698828840233799884e-04
2.096474952961058236e-03,-1.130797363818751176e-03
1.947709674777383217e-03,-1.255818862549847427e-03
1.916862109291761485e-03,-9.596138214829815763e-04
2.071788255791536578e-03,-1.326047893748683038e-03
2.208497645235415249e-03,-1.061874994641091472e-03
2.021780489485980326e-03,-1.167999540332642638e-03
2.321727707958169077e-03,-1.419625273320586746e-03
1.905307502003239506e-03,-1.093577267825699860e-03
2.163280196655977591e-03,-1.404768379379713441e-03
2.437046841318216920e-03,-1.218842777939377342e-03
1.859149533553187570e-03,-1.156822322875876051e-03
2.201938524764209589e-03,-1.300269683970715516e-03
2.236045669541053549e-03,-1.300023854198029127e-03
1.832787280921362562e-03,-1.286281793623444969e-03
2.635428480993703190e-03,-1.222370081973123135e-03
2.023037339929700806e-03,-1.250324337788673692e-03
2.149041520097205726e-03,-1.450356568197364027e-03
2.480141869438826866e-03,-1.350718389805309226e-03
2.176094686127857166e-03,-1.296847763351778983e-03
2.196973665141081170e-03,-1.393748452171180265e-03
2.449158050997879421e-03,-1.399382850657252984e-03
2.242678284364715054e-03,-1.241814172435518060e-03
2.224561036547667570e-03,-1.543543875179409497e-03
2.429484495226323041e-03,-1.429900204057643620e-03
2.133787791311495766e-03,-1.412235891895689431e-03
2.263757343428725918e-03,-1.500662100049436230e-03
2.580379463983854208e-03,-1.349384884894888614e-03
2.305464354018941456e-03,-1.369667716662211323e-03
2.587132854905823450e-03,-1.635535445218290864e-03
2.479219437066859655e-03,-1.207406702715685398e-03
2.514808003721872524e-03,-1.621804510941219800e-03
2.347554164799000361e-03,-1.517397568925919369e-03
2.529380135745514565e-03,-1.288668725402268176e-03
2.450487659898044953e-03,-1.739020507107502667e-03
2.620730203802490443e-03,-1.449949968608551078e-03
2.344655927695948883e-03,-1.475861337326097146e-03
2.644931641181069715e-03,-1.698195536727453714e-03
2.520257790453617197e-03,-1.500747199317735035e-03
2.470519223287300555e-03,-1.575244165682295307e-03
2.656149122552705407e-03,-1.495976729486943714e-03
2.554291145347627797e-03,-1.426390826172907467e-03
2.380985556618993911e-03,-1.472703332571508429e-03
2.644350605792045172e-03,-1.780109323390825391e-03
2.897149738314304997e-03,-1.388158769887922308e-03
2.741234786452088294e-03,-1.832414441709155238e-03
2.552587932023545839e-03,-1.510338509700244860e-03
2.421196423188683774e-03,-1.649095461286886888e-03
3.054778407135675614e-03,-1.535499837068909912e-03
2.348949984665912091e-03,-1.608289038433093456e-03
3.087102150249580127e-03,-1.533254526866034695e-03
2.670769374212955682e-03,-1.838839998261398989e-03
2.854521183463076817e-03,-1.200617478903653890e-03
2.814529849275548834e-03,-1.725789746335415487e-03
2.797759047755365991e-03,-1.585928971645704120e-03
2.693602365003674223e-03,-1.577040718251080829e-03
2.849768521357320950e-03,-1.715910822874884946e-03
nan,nan
2.791498964805053887e-03,-1.436509009313654108e-03
2.831544618697871222e-03,-1.495880831974346183e-03
2.712437317662019787e-03,-1.178315647914078166e-03
2.826477519188371531e-03,-1.272756937505429729e-03
2.766248866085378125e-03,-1.180183680419055747e-03
2.559481805643767146e-03,-9.600264204774333621e-04
2.891005260053961749e-03,-1.146434056157330517e-03
2.661275294375542444e-03,-8.632275805963521851e-04
2.783066648280430044e-03,-9.451536310790912285e-04
2.914158059515966400e-03,-1.019094286433504639e-03
2.611846713569732081e-03,-8.869498638470011418e-04
2.874116563335582519e-03,-9.776404742336541887e-04
2.800374081579108058e-03,-9.469779117406614813e-04
2.653890136925259654e-03,-8.192975710870076256e-04
2.767848662465525415e-03,-9.101016665404859651e-04
2.685409037807266145e-03,-7.551326140369981612e-04
2.594656177459797597e-03,-8.085507302818909512e-04
2.856564347833249421e-03,-8.986768162662084336e-04
2.575449624748390228e-03,-6.985794394809285990e-04
2.743485052361475333e-03,-7.378629927902539140e-04
2.861966185218130839e-03,-8.287524484309471973e-04
2.547680657911481020e-03,-5.848531444780924460e-04
2.742160864952714050e-03,-7.860939452656682267e-04
2.869334034851678261e-03,-7.775475581356753327e-04
2.663996246849690500e-03,-6.052853832677987942e-04
2.901636034410107982e-03,-8.829306920653904331e-04
2.773929171108635572e-03,-6.702371272873097752e-04
2.613527385686727818e-03,-7.132545059077196594e-04
2.920020639051723599e-03,-9.120716669041387678e-04
2.621440903814960862e-03,-6.722161211628977515e-04
2.865046356073689630e-03,-7.304181104063426364e-04
2.819353044614336667e-03,-8.603575044613028791e-04
2.694879245352018501e-03,-6.447164420925558534e-04
2.979312011037257065e-03,-9.011622956214271341e-04
2.862809620562770888e-03,-7.836126670461851518e-04
2.851715044954516998e-03,-7.084171100279293984e-04
3.017792926788905646e-03,-9.680066291611518761e-04
2.911797353168747108e-03,-8.098075336899768217e-04
2.994244414124473067e-03,-7.940564238423745156e-04
3.169231105024502334e-03,-9.905586620605106880e-04
2.973114374245189317e-03,-7.669814212786599814e-04
3.101920482350954082e-03,-9.557404248901057997e-04
3.161105757169139444e-03,-9.666334169772620175e-04
2.930719530504758644e-03,-8.511897390217626480e-04
3.301587338921829762e-03,-1.133082859567702272e-03
3.064676040339775476e-03,-9.452131793032206861e-04
3.111380780850566460e-03,-9.211794870714514740e-04
3.445143614309956973e-03,-1.147448126009272375e-03
3.041710566515254399e-03,-9.596522727515210960e-04
3.171031231012588769e-03,-1.053750232382337114e-03
3.554819973631680782e-03,-1.163303034194503429e-03
3.123988883933837002e-03,-9.592971978779433204e-04
3.537863935149802245e-03,-1.169530656478438456e-03
3.210921550081106361e-03,-1.064020400169507496e-03
3.513006087809911193e-03,-1.059084313813481561e-03
3.535079797574688151e-03,-1.283225543935229140e-03
3.527412090820784222e-03,-1.172785471139340839e-03
3.397497122388756004e-03,-1.105814024340734392e-03
3.586954502239928736e-03,-1.289806764706321164e-03
3.329934868244510682e-03,-1.120816106421340663e-03
3.494713682326714647e-03,-1.266706018476411845e-03
3.934697711334552046e-03,-1.270268829830056845e-03
3.477772322579508746e-03,-1.172625710926282093e-03
3.620204396861429700e-03,-1.291915120810542160e-03
3.645431721707911073e-03,-1.313043400611076496e-03
3.627202309099260887e-03,-1.240008106301537794e-03
3.911508270513415660e-03,-1.497588484206853867e-03
3.657188990659180575e-03,-1.364558763571037002e-03
3.683801466927779430e-03,-1.445004809485987305e-03
3.883896857427996622e-03,-1.439688698126495581e-03
3.817405749920621538e-03,-1.325102322441577439e-03
3.755421089350119424e-03,-1.508633970550565806e-03
3.925998197510272014e-03,-1.647419202476463340e-03
3.801970946911629404e-03,-1.311924271691985002e-03
4.016292551021242822e-03,-1.669620110763917918e-03
3.824596562806462877e-03,-1.574983219976067161e-03
3.904862450819557296e-03,-1.467301069983347308e-03
4.212581639309227917e-03,-1.595813997030089528e-03
3.944129456468196786e-03,-1.524709487322454702e-03
4.026019007969727781e-03,-1.655819278504259582e-03
4.321940633010908257e-03,-1.679230398476949659e-03
4.049687296305799940e-03,-1.558971380771175365e-03
4.141692110181338649e-03,-1.808749333724065213e-03
3.985108905818750095e-03,-1.620629248760311778e-03
4.161389776237589544e-03,-1.593708917010087543e-03
4.245284430433260425e-03,-1.836833361868424721e-03
4.229475945045339629e-03,-1.715166755799672369e-03
3.974248058989678263e-03,-1.745753993171783591e-03
4.277493933389016519e-03,-1.814904028089333156e-03
4.291952097315847141e-03,-1.692275763613674709e-03
4.421119684866543949e-03,-1.876722961999218288e-03
4.087221731793100332e-03,-1.832491862869600752e-03
4.432452693315047654e-03,-1.560266048749037182e-03
4.384990951580698855e-03,-1.993763100101020314e-03
4.299882565775107850e-03,-1.725949604594712028e-03
4.213580951170118986e-03,-1.790396296961575427e-03
4.445947781775316798e-03,-2.051369885107012792e-03
4.321248991134618578e-03,-1.680558336095187453e-03
4.147801929528016629e-03,-1.936183476969111084e-03
4.781144061562862639e-03,-2.005585064097129781e-03
4.095570682959330348e-03,-1.765030642830289764e-03
4.793764113814158456e-03,-1.920605041768608245e-03
4.535137798669246038e-03,-1.825360081623816910e-03
4.133518922320130080e-03,-1.847774894403020340e-03
4.676677562377440367e-03,-2.032198336085514704e-03
4.206803466454078766e-03,-2.005142543126670063e-03
4.343895274837361598e-03,-1.799083574547018618e-03
4.747586165893658006e-03,-1.955551290088545450e-03
4.520162224365427590e-03,-1.912733595132554143e-03
4.671876561210153156e-03,-2.046837504103837801e-03
4.557721985703440566e-03,-2.058181606467091029e-03
4.351729917364210998e-03,-1.934173053546632158e-03
4.656286808553382166e-03,-2.083479670096070272e-03
4.659365390225304708e-03,-1.879661694006144355e-03
4.532339600190245406e-03,-2.157679321833416708e-03
5.094836052350208526e-03,-2.126493799756120403e-03
4.311997257777237628e-03,-2.003997228464152961e-03
4.849093257114948756e-03,-2.149646373807175600e-03
4.730672878114054562e-03,-1.991111973113968148e-03
4.688106820845268537e-03,-2.005919874713324447e-03
4.784509951501296314e-03,-2.163880047288291308e-03
4.673802536927877498e-03,-2.087716999347547734e-03
4.676318489637824698e-03,-1.993633017829991253e-03
4.740395597460349102e-03,-2.212865603539689637e-03
4.910711582883438460e-03,-1.892849789965807663e-03
4.701165950802018052e-03,-2.128162906782490090e-03
4.950245731874043827e-03,-2.245300478709744141e-03
4.591050353885517410e-03,-2.057248698630923748e-03
5.116455961080124126e-03,-2.239285213225953534e-03
4.961459306348947607e-03,-2.221366800784071224e-03
4.824056336883542073e-03,-1.959354308463501226e-03
4.870459855577657926e-03,-2.228850972626261751e-03
4.933976147104298000e-03,-1.907575740769384964e-03
4.769298734513001577e-03,-2.098264481751396012e-03
5.135943163375955578e-03,-2.302260437018051938e-03
4.888119040817280776e-03,-1.975657924633130499e-03
4.873557753069783331e-03,-2.198177594750753364e-03
5.059889149238161465e-03,-2.288862707230313823e-03
4.737585250622659665e-03,-2.262422090043644026e-03
5.452493765370232566e-03,-2.188196905714848931e-03
5.032443383924982243e-03,-2.193521619326214370e-03
4.818815249496529070e-03,-2.186552538677943858e-03
5.280618653182671089e-03,-2.440582713886104479e-03
4.999855334873977604e-03,-2.196589769154710936e-03
5.037618724130776826e-03,-2.000639024767917554e-03
nan,nan
5.003331689367063184e-03,-1.978546921196514766e-03
5.184888194528373788e-03,-2.054276847576123281e-03
5.086976993697311933e-03,-1.841787449195164683e-03
5.119616009351439338e-03,-1.789926150412475938e-03
5.027875370016847249e-03,-1.880571086397312850e-03
4.989897442250608613e-03,-1.651537861025490937e-03
5.070554809181726519e-03,-1.703703633467279488e-03
5.104761890950253005e-03,-1.745757451320588014e-03
4.788717966535534394e-03,-1.496283867773081202e-03
5.322985506961974700e-03,-1.603915566049662900e-03
5.063526914322584276e-03,-1.661288274876326909e-03
4.961655963567086942e-03,-1.465957578793567915e-03
5.247511492960692074e-03,-1.701135194366913293e-03
4.995594047601192855e-03,-1.503950197363416617e-03
5.070913309389912804e-03,-1.480143610579206072e-03
5.192532571886824926e-03,-1.648134240637662675e-03
5.117582168130592642e-03,-1.468290900014028065e-03
5.110298409439699256e-03,-1.583601761753132163e-03
5.144442507706699537e-03,-1.564083090040820469e-03
4.994298167487014155e-03,-1.363959342208416860e-03
5.173757968312393991e-03,-1.578815089904465506e-03
5.027014574913390987e-03,-1.490778578768485073e-03
5.105640559042094566e-03,-1.397088294600316470e-03
5.188283450224743902e-03,-1.590092217204889689e-03
5.157518651836038963e-03,-1.423058613037782695e-03
5.139259215620084476e-03,-1.401530208865612746e-03
5.276748297863694155e-03,-1.614555841646418298e-03
5.099213078378165946e-03,-1.361688454153038965e-03
5.357057566556948196e-03,-1.516443060402143271e-03
5.223558376806029628e-03,-1.498774987767663045e-03
5.259825677307723886e-03,-1.375219562962752161e-03
5.313186317984978750e-03,-1.573604290384593039e-03
5.260089384693911185e-03,-1.414281712935820277e-03
5.307432893046803990e-03,-1.454968105417305370e-03
5.424944815372478857e-03,-1.657869587510981237e-03
5.311404134967408382e-03,-1.455224810017178736e-03
5.211628010126608153e-03,-1.573470223821112459e-03
5.482307893772205183e-03,-1.590811210688825028e-03
5.477762017781977015e-03,-1.423249010792308365e-03
5.503148445512843871e-03,-1.661157172799206496e-03
5.542195617748379988e-03,-1.614590933151379250e-03
5.349145342175861025e-03,-1.532664834859994276e-03
5.671716720178372924e-03,-1.815922656740687202e-03
5.484700258315267085e-03,-1.682879737205859481e-03
5.552097031887710983e-03,-1.699277222051875924e-03
5.723971129459696876e-03,-1.810914370818557774e-03
5.510900757657292807e-03,-1.636616903276803424e-03
5.511473037864996101e-03,-1.711679180559440685e-03
6.015517783907779574e-03,-1.897088754237182375e-03
5.631315835113744235e-03,-1.667939572487453503e-03
5.974149245207782677e-03,-1.976624587915809528e-03
5.692168202137470878e-03,-1.726486380499177688e-03
5.691878354303477223e-03,-1.739823233197250072e-03
5.891461187441067622e-03,-2.018985583144209620e-03
5.894565851595127796e-03,-1.865963008958730239e-03
5.866620707903780207e-03,-1.950169998657491632e-03
6.075780117831349088e-03,-1.999788615051123486e-03
5.896392381456672105e-03,-1.882346492759312540e-03
5.989648775491573929e-03,-1.989026891791478846e-03
6.056089094930976018e-03,-2.030217024359866947e-03
5.700465296908596713e-03,-1.865680455367169088e-03
6.286284253964528716e-03,-2.229210609414241425e-03
6.056929665185413654e-03,-1.995347969120967683e-03
6.073975224502222055e-03,-2.067884793086542054e-03
6.252579365559711271e-03,-2.185932904491094675e-03
6.067245553541138030e-03,-1.935978607074580584e-03
6.213129556564833678e-03,-2.189585881087789069e-03
6.359791963465070801e-03,-2.174286620183855327e-03
6.111302551812173960e-03,-2.034630556580596661e-03
6.360081722684356002e-03,-2.280298570508894947e-03
6.299462140359553437e-03,-2.108446122305614786e-03
6.169635268404268132e-03,-2.272348852887443819e-03
6.614161862715055122e-03,-2.266812631715575677e-03
6.248367547609823269e-03,-2.133986647820051985e-03
6.384142234178491471e-03,-2.278062415081105740e-03
6.517603737687727161e-03,-2.219107873524676314e-03
6.392074192061484965e-03,-2.232399867582242955e-03
6.592774216618709111e-03,-2.311915321920728680e-03
6.572036639493313188e-03,-2.407578085372804374e-03
6.549185459150767656e-03,-2.189596148124935745e-03
6.748558831990140831e-03,-2.457342517074560199e-03
6.401212023793512174e-03,-2.304123811250372803e-03
6.586115306726962430e-03,-2.397856141794626247e-03
6.827449291253340213e-03,-2.436921914319138075e-03
6.446549008550794824e-03,-2.343550238142218852e-03
6.730105962231965229e-03,-2.551902651091989774e-03
6.689878634368577430e-03,-2.541931140623473247e-03
6.781305334277824663e-03,-2.350482129526006766e-03
6.890793537463173017e-03,-2.568879606024143669e-03
6.708085223304498072e-03,-2.472359716243414333e-03
6.738707169362238673e-03,-2.493379511760984713e-03
6.916503255266270855e-03,-2.718460527970127053e-03
6.879663430192787914e-03,-2.376936767662189091e-03
6.764457686044981870e-03,-2.577708766321462619e-03
7.173076038450854064e-03,-2.602846943734323567e-03
6.786847980586411914e-03,-2.511268176742890382e-03
6.989386515822741501e-03,-2.793040427649199579e-03
7.143241945735012699e-03,-2.510219545198477675e-03
6.952771547577414786e-03,-2.526147216152482052e-03
6.927036577561662689e-03,-2.702466817307236369e-03
7.038776162946532196e-03,-2.610663499257315223e-03
6.796150182681241596e-03,-2.686554665161470460e-03
7.511076115416792653e-03,-2.554966313546754627e-03
6.894454533325673935e-03,-2.658365815025431900e-03
7.212359827732976562e-03,-2.749368937560022538e-03
7.240165636114921817e-03,-2.621709357334633950e-03
6.915424305504995310e-03,-2.771634291586444476e-03
7.149981459579494818e-03,-2.958094454457530723e-03
7.442220454547528348e-03,-2.591815499595492064e-03
7.089730171523589419e-03,-2.752269842473046516e-03
7.326207676146371910e-03,-2.911409051358967211e-03
7.508141635871397497e-03,-2.597806367005350836e-03
7.178956443762911192e-03,-2.833317371444617812e-03
7.383463562867305548e-03,-2.896316171423792604e-03
7.354197780002939659e-03,-2.586998337625508789e-03
7.453435963252874608e-03,-3.022510703753367167e-03
7.314399076580564880e-03,-2.831109380441251041e-03
7.479422715847523946e-03,-2.868822111519545807e-03
7.638867594042124225e-03,-2.938794863307059302e-03
7.309181240520601364e-03,-2.932492336381079760e-03
7.247261491444427321e-03,-2.560259574306463556e-03
7.704442834794655859e-03,-3.247834181641465982e-03
7.607264159453601231e-03,-2.752867521744380760e-03
7.494206925981276683e-03,-3.003295895637710707e-03
7.603891186351703808e-03,-2.959012775906562972e-03
7.280747368473357468e-03,-2.958577256625331223e-03
7.786760481319284118e-03,-3.038631743431293494e-03
7.725121835379582073e-03,-2.938695569395521900e-03
7.812090307497780543e-03,-2.939380748724721663e-03
7.836793454934412942e-03,-3.210889410408664709e-03
7.523034713944110052e-03,-2.993136112968919349e-03
7.732010223512775227e-03,-2.993625951360841860e-03
8.002318824810283893e-03,-3.188718109297106196e-03
7.520959852294876839e-03,-3.010656275053295253e-03
7.874177380812160884e-03,-3.344955742281330302e-03
8.073953796921292878e-03,-2.951587322249057174e-03
7.592649244566891838e-03,-3.047336182784447182e-03
7.779411646204585466e-03,-3.229552998544290340e-03
8.054678414727622915e-03,-3.245574445519020749e-03
8.097941665286581894e-03,-3.141546372974627580e-03
8.098341970479872032e-03,-3.191319948602222567e-03
7.762253081864141542e-03,-3.115088868163177430e-03
7.933163621886526670e-03,-3.301905720916412882e-03
8.176144020902387233e-03,-3.229881024804222896e-03
8.116838568085241526e-03,-3.153326309411378595e-03
nan,nan
nan,nan
nan,nan
nan,nan
nan,nan
nan,nan
nan,nan
nan,nan
nan,nan
nan,nan
nan,nan
nan,nan
nan,nan
nan,nan
nan,nan
nan,nan
nan,nan
nan,nan
nan,nan
nan,nan
nan,nan
nan,nan
nan,nan
nan,nan
nan,nan
nan,nan
nan,nan
nan,nan
nan,nan
nan,nan
nan,nan
nan,nan
nan,nan
nan,nan
nan,nan
nan,nan
nan,nan
nan,nan
nan,nan
nan,nan
nan,nan
nan,nan
nan,nan
nan,nan
nan,nan
nan,nan
nan,nan
nan,nan
nan,nan
nan,nan
nan,nan
nan,nan
nan,nan
nan,nan
nan,nan
nan,nan
nan,nan
nan,nan
nan,nan
nan,nan
nan,nan
nan,nan
nan,nan
nan,nan
nan,nan
nan,nan
nan,nan
nan,nan
nan,nan
nan,nan
nan,nan
nan,nan
nan,nan
nan,nan
nan,nan
nan,nan
nan,nan
nan,nan
nan,nan
nan,nan
nan,nan
nan,nan
nan,nan
nan,nan
nan,nan
nan,nan
nan,nan
nan,nan
nan,nan
nan,nan
nan,nan
nan,nan
nan,nan
nan,nan
nan,nan
nan,nan
nan,nan
nan,nan
nan,nan
nan,nan
nan,nan
nan,nan
nan,nan
nan,nan
nan,nan
nan,nan
nan,nan
nan,nan
nan,nan
nan,nan
nan,nan
nan,nan
nan,nan
nan,nan
nan,nan
nan,nan
nan,nan
nan,nan
nan,nan
nan,nan
nan,nan
nan,nan
nan,nan
nan,nan
nan,nan
nan,nan
nan,nan
nan,nan
nan,nan
nan,nan
nan,nan
nan,nan
nan,nan
nan,nan
nan,nan
nan,nan
nan,nan
nan,nan
nan,nan
nan,nan
nan,nan
nan,nan
nan,nan
nan,nan
nan,nan
nan,nan
nan,nan
nan,nan
nan,nan
nan,nan
nan,nan
nan,nan
nan,nan
nan,nan
nan,nan
nan,nan
nan,nan
nan,nan
nan,nan
nan,nan
nan,nan
nan,nan
nan,nan
nan,nan
nan,nan
nan,nan
nan,nan
nan,nan
nan,nan
nan,nan
nan,nan
nan,nan
nan,nan
nan,nan
nan,nan
nan,nan
nan,nan
nan,nan
nan,nan
nan,nan
nan,nan
nan,nan
nan,nan
nan,nan
nan,nan
nan,nan
nan,nan
nan,nan
nan,nan
nan,nan
nan,nan
nan,nan
nan,nan
nan,nan
nan,nan
nan,nan
nan,nan
nan,nan
nan,nan
nan,nan
nan,nan
nan,nan
nan,nan
nan,nan
nan,nan
nan,nan
nan,nan
nan,nan
nan,nan
nan,nan
nan,nan
nan,nan
nan,nan
nan,nan
nan,nan
nan,nan
nan,nan
nan,nan
nan,nan
nan,nan
nan,nan
nan,nan
nan,nan
nan,nan
nan,nan
nan,nan
nan,nan
nan,nan
nan,nan
nan,nan
nan,nan
nan,nan
nan,nan
nan,nan
nan,nan
nan,nan
nan,nan
nan,nan
nan,nan
nan,nan
nan,nan
nan,nan
nan,nan
nan,nan
nan,nan
nan,nan
nan,nan
nan,nan
nan,nan
nan,nan
nan,nan
nan,nan
nan,nan
nan,nan
nan,nan
2.300821623281945616e-02,-1.160834727543402778e-02
2.271572669431813282e-02,-1.161000845118838852e-02
2.325280236717541804e-02,-1.179775554776796298e-02
2.312695924605919287e-02,-1.180669291071353121e-02
2.284395658756714284e-02,-1.182490774984675495e-02
2.320278171882061979e-02,-1.212175251121035656e-02
2.289209394357375957e-02,-1.177448719973717139e-02
2.277294984190388408e-02,-1.207368577470036008e-02
2.303665320364519167e-02,-1.212866011246986099e-02
2.291788958119300723e-02,-1.204109673260056468e-02
2.308978324892211817e-02,-1.221064764831850981e-02
2.291421560012578060e-02,-1.212480052660295550e-02
2.324133916861089236e-02,-1.216013831935836009e-02
2.322619181028369797e-02,-1.229851931942064526e-02
2.300818047495626836e-02,-1.208956194303774899e-02
2.334211555593531176e-02,-1.224425483399767776e-02
2.351987882587203149e-02,-1.234018182988871892e-02
2.326336176246416795e-02,-1.214679601431371304e-02
2.336000559923319744e-02,-1.234365122176643050e-02
2.341020655974838591e-02,-1.219442104916801384e-02
2.324075761346688918e-02,-1.215547441423640330e-02
2.369761336440904739e-02,-1.249278528265995725e-02
2.356418642030984681e-02,-1.227400584676030526e-02
2.329702214864959320e-02,-1.238251159255850629e-02
2.338374938752522600e-02,-1.241359988650573599e-02
2.275534323818839688e-02,-1.217588139662151292e-02
2.370869596954179939e-02,-1.212584858682067869e-02
2.349855940046619018e-02,-1.228695973874094349e-02
2.317197360577246193e-02,-1.205636380672792107e-02
2.332385318170648869e-02,-1.211305287056796409e-02
2.323481736125861466e-02,-1.217743517013603061e-02
2.280864857728615025e-02,-1.193243436801028068e-02
2.351805425189338813e-02,-1.220064650107488546e-02
nan,nan
2.281848195876412522e-02,-1.189989259187237101e-02
2.301509495567118438e-02,-1.188504477833422258e-02
2.245255604101270563e-02,-1.167434875226214253e-02
2.273213874720680927e-02,-1.182628758570884210e-02
2.258821810020002555e-02,-1.178603239556252902e-02
2.231014006364410648e-02,-1.151895000127474943e-02
2.262426638657100142e-02,-1.177159487869020894e-02
2.214621511001590992e-02,-1.149906301744888816e-02
2.227051264968675157e-02,-1.144469625192308902e-02
2.208349137866205680e-02,-1.159533963253604229e-02
2.177695051802726670e-02,-1.124901082087677827e-02
2.191021488784246699e-02,-1.132456411817783781e-02
2.152147038581212965e-02,-1.130160271695479501e-02
2.159781674415247113e-02,-1.108263098603323726e-02
2.177077445427233471e-02,-1.121094142230301925e-02
2.143468552406887009e-02,-1.105408759108620666e-02
2.125370721189897075e-02,-1.088012097650377895e-02
2.113989248743956481e-02,-1.097894067924302421e-02
2.114200911696369548e-02,-1.075391561249502102e-02
2.105595228599732582e-02,-1.071921382670263691e-02
2.094586944054406888e-02,-1.076266554850854006e-02
2.049009497582139974e-02,-1.047581198406259163e-02
2.031032345704197883e-02,-1.065640688798944781e-02
2.067467826182219429e-02,-1.056356361010135636e-02
2.003690263482849065e-02,-1.033348585709618385e-02
2.067174200415796206e-02,-1.053260824590659082e-02
2.003278563525978662e-02,-1.026729653463716828e-02
2.005972653113622869e-02,-1.018026287213798751e-02
2.003830716897832612e-02,-1.023038409762344614e-02
1.981730539421637169e-02,-9.936218217800737648e-03
1.981503599792629536e-02,-1.000483623264606693e-02
1.996348317961752980e-02,-1.002074496314960504e-02
1.946107712751876662e-02,-9.698250965408735866e-03
1.941078059515077836e-02,-9.801543310970828315e-03
1.932177943323483763e-02,-9.640343565549880367e-03
1.956835536957028318e-02,-9.502859584904932433e-03
1.923710529079569742e-02,-9.550891117319437740e-03
1.928337574073206093e-02,-9.413591247195466152e-03
1.928170796225714412e-02,-9.363230805402134038e-03
1.919337693075225462e-02,-9.407471480310366715e-03
1.892614119792683167e-02,-9.138302706773071549e-03
1.900444314477693283e-02,-9.185099045670034115e-03
1.896314151087348868e-02,-9.117823851808518412e-03
1.879339556752734897e-02,-8.832308157702195572e-03
1.889780900643981895e-02,-9.087367591826600588e-03
1.868570167178791944e-02,-8.807860517506224327e-03
1.855793138658934360e-02,-8.866695876029062617e-03
1.871134501512191142e-02,-8.945152346233312471e-03
1.849742148739837513e-02,-8.650012177832048024e-03
1.842907989119191292e-02,-8.738053762514944381e-03
1.860049135102022702e-02,-8.759590624032087547e-03
1.823089613993985128e-02,-8.527494022055067888e-03
1.835930279408544766e-02,-8.660130774372184689e-03
1.829299395028409145e-02,-8.570611243966371959e-03
1.805216045965873928e-02,-8.349697835029479265e-03
1.830802683524834773e-02,-8.561062226952890000e-03
1.825099995940508354e-02,-8.272460755736879903e-03
1.806603499933571652e-02,-8.297101943190185111e-03
1.815322711319966587e-02,-8.365864320128387974e-03
1.792074844329782923e-02,-8.100619050838142599e-03
1.800829955280180972e-02,-8.230319505672175837e-03
1.792161734343637389e-02,-8.255926967084178600e-03
1.792387851881223695e-02,-7.984118280532618087e-03
1.781102690526203958e-02,-8.079723424668486600e-03
1.813202622825449417e-02,-7.948615179369955541e-03
1.750223684308815919e-02,-7.902994880185421067e-03
1.789114141651667114e-02,-8.035763864350750282e-03
1.757025632653667555e-02,-7.860077885515348584e-03
1.766017138343915424e-02,-7.812960648480990131e-03
1.777733953417444737e-02,-7.898325168617917683e-03
1.746963882333481613e-02,-7.697172758794816431e-03
1.758565393224072529e-02,-7.751365390285795513e-03
1.754143955263561330e-02,-7.745308462181244025e-03
1.750291810275295123e-02,-7.432213004209042850e-03
1.769005354104373137e-02,-7.806871603771137202e-03
1.736677582070152506e-02,-7.531103881131355308e-03
1.738217132959011743e-02,-7.477435051306639650e-03
1.757292385158789119e-02,-7.658742627267400849e-03
1.711635701638506910e-02,-7.286103289776487031e-03
1.731752127619941642e-02,-7.510121388151065787e-03
1.739870071797141107e-02,-7.280097226668742934e-03
1.721283056791363467e-02,-7.329837057776937385e-03
1.733123493556861308e-02,-7.268423911570565110e-03
1.713216654512121281e-02,-7.252676945703899307e-03
1.740488968589041716e-02,-7.084363642840744817e-03
1.709170672334410848e-02,-7.260511987397781468e-03
1.716710033934202781e-02,-7.179774359368007453e-03
1.716165247324130672e-02,-7.097994304781973796e-03
1.717657483596535251e-02,-7.143876404778278129e-03
1.706037100166142920e-02,-6.918338096188210613e-03
1.722066379446218765e-02,-7.051444076234814062e-03
1.696362418464373786e-02,-7.148893825565494353e-03
1.704623462859981495e-02,-6.778433250590835783e-03
1.725059502083177779e-02,-7.081687415490496747e-03
1.688905530525012730e-02,-6.820301903766183386e-03
1.695856141047454371e-02,-6.972450639700866759e-03
1.719773657989217067e-02,-6.789771263428834303e-03
1.705115191668353167e-02,-6.829707282040020644e-03
1.680600371577271532e-02,-6.978149612036761880e-03
1.710820027398929355e-02,-6.801708031294022121e-03
1.688026926213252385e-02,-6.631669640999297670e-03
1.690896495710521655e-02,-6.772401729831178940e-03
1.709243927363124360e-02,-6.763303217587335325e-03
1.675350412412350207e-02,-6.584755129519281880e-03
1.694837704914686771e-02,-6.742976940330140494e-03
1.674654945529859343e-02,-6.618035079580290685e-03
1.676390185485491721e-02,-6.381191515727691055e-03
1.708463193297434304e-02,-6.719949354244765700e-03
1.667099869730078246e-02,-6.620708104788357133e-03
1.704534526132350791e-02,-6.610393394893998575e-03
1.651821766949875328e-02,-6.600901658663523193e-03
1.707969971117847055e-02,-6.358363084695654692e-03
1.707929437466200809e-02,-6.440676671120841405e-03
1.672854017877885638e-02,-6.394667401595481408e-03
nan,nan
1.679100599629231375e-02,-6.471080197030613761e-03
1.669711564738178208e-02,-6.211401413787583266e-03
1.675448770859403955e-02,-6.367817701994645148e-03
1.679434999350726265e-02,-6.342427642253900544e-03
1.669743675305339001e-02,-6.184303753063631788e-03
1.670509198394905595e-02,-6.366058519652477259e-03
1.678202844470651559e-02,-6.228627648750502573e-03
1.666574844751097031e-02,-6.169682539530614747e-03
1.696767635458484857e-02,-6.384308204917680911e-03
1.656338279705693584e-02,-6.096390988909276658e-03
1.678808486494935345e-02,-6.195306434433185856e-03
1.665571419187043475e-02,-6.297086150835351503e-03
1.673675559944113808e-02,-6.077253387949621555e-03
1.681824832144525675e-02,-6.264776602503759236e-03
1.659121605262392496e-02,-6.138345955536343539e-03
1.667982879952338224e-02,-6.014684340447755233e-03
1.712652402788883421e-02,-6.312590774186628735e-03
1.647709862726776109e-02,-6.006936455414946252e-03
1.671398105274202184e-02,-6.025091155078691856e-03
1.687348880240295210e-02,-6.183083200324457351e-03
1.654865651491366219e-02,-5.929164465518092612e-03
1.665368172869711658e-02,-6.051975613117062565e-03
1.663792136160428467e-02,-6.106304388089123236e-03
1.650776432192073082e-02,-5.869575832074665385e-03
1.676406292614389046e-02,-6.044030060602538328e-03
1.655953111854731666e-02,-5.882827300090820444e-03
1.674552279329355464e-02,-5.926120214534054582e-03
1.679821305512655891e-02,-6.085455896288172184e-03
1.631129398198779071e-02,-5.759526104172000942e-03
1.659611013466196286e-02,-5.859589418121109901e-03
1.666542523288361277e-02,-5.918802057569634741e-03
1.658265387587028530e-02,-5.751793256797865794e-03
1.663643198005075249e-02,-5.934710888289969517e-03
1.669705888082132980e-02,-5.832753324768032328e-03
1.649194676066194007e-02,-5.654614173026040191e-03
1.689574581140507181e-02,-5.935088163775932742e-03
1.646775154241719719e-02,-5.658059539773200967e-03
1.667147291765484415e-02,-5.700497172618519855e-03
1.693005553476197370e-02,-5.885328506674891713e-03
1.634352470387697223e-02,-5.568963507990891230e-03
1.652138427824404940e-02,-5.683275133390767835e-03
1.693013792924876262e-02,-5.794428412578600529e-03
1.649527639603050669e-02,-5.545950248839526253e-03
1.650773874738346511e-02,-5.753040807664404170e-03
1.653789956362498523e-02,-5.574317871370452863e-03
1.670513705417253636e-02,-5.536011737565201159e-03
1.662002540519880167e-02,-5.711449688323710916e-03
1.644686365795141117e-02,-5.457970309838522383e-03
1.648936976756920636e-02,-5.535750903369033964e-03
1.653954112556373438e-02,-5.665644400425495775e-03
1.656038173362943053e-02,-5.430080844107676441e-03
1.663615201453672032e-02,-5.600409687065062599e-03
1.645743660959309018e-02,-5.454444370075473003e-03
1.643780192602932108e-02,-5.416559862239174634e-03
1.663045718828282116e-02,-5.568356211556639394e-03
1.816490064430061405e-02,-5.378544379768479544e-03
1.674753587797376750e-02,-5.208194201509049222e-03
