3.462751039068691361e-02,-4.174637688379301270e-02
3.429893045312468192e-02,-4.142314798266092529e-02
3.421894629977672436e-02,-4.125430702878385425e-02
3.427395883700889989e-02,-4.142955767569161951e-02
3.381142250859759529e-02,-4.148203993884359841e-02
3.405472541073250453e-02,-4.149845526535679563e-02
3.411355965124836243e-02,-4.146478929236650790e-02
3.407712222042542927e-02,-4.144509441585100123e-02
3.388169922541623552e-02,-4.137873491916434915e-02
3.392215944198693350e-02,-4.147937041672671021e-02
3.393449426314043560e-02,-4.148622120864705470e-02
3.347299867257521461e-02,-4.111448302416674527e-02
3.339876348073243101e-02,-4.125357948193909136e-02
3.361264527716772976e-02,-4.113515995873526232e-02
3.320430629109680232e-02,-4.072971105115937018e-02
3.321652957328279782e-02,-4.091675606677455668e-02
3.308042636840818201e-02,-4.116225232006140433e-02
3.303398408407089148e-02,-4.101555904630070637e-02
3.287198226393899664e-02,-4.109758566068240360e-02
3.280665401720853080e-02,-4.109449612091076176e-02
3.346124723987314864e-02,-4.117356039787813116e-02
3.269738233776672831e-02,-4.099086129456522287e-02
3.322154472261141384e-02,-4.099420730931378765e-02
3.326222754693276135e-02,-4.098883144927378125e-02
3.292907958400923679e-02,-4.089940510407619884e-02
3.317597753412519779e-02,-4.089186760583966157e-02
3.277639306130561425e-02,-4.111005701709162519e-02
3.340365954034439644e-02,-4.123977948308799046e-02
3.287548739447918034e-02,-4.107070193061367752e-02
3.273068739969615254e-02,-4.088260566711402616e-02
3.307153000723838526e-02,-4.133031887286207906e-02
3.285826349222787518e-02,-4.097391490394157454e-02
3.280671675183604447e-02,-4.102659483691648706e-02
3.246722223642192068e-02,-4.052859821771342963e-02
3.278558963030134277e-02,-4.099470487935103630e-02
3.255387351670416263e-02,-4.089888483337895952e-02
3.235361151554193293e-02,-4.063250153895105188e-02
3.299766276656850711e-02,-4.128495152500064047e-02
3.265927710727960925e-02,-4.072335564153736071e-02
3.287721598353227082e-02,-4.109682678431101494e-02
3.304687330748947577e-02,-4.060607761226363993e-02
3.333810929175182874e-02,-4.085671933524862021e-02
3.288109862676032169e-02,-4.105663459678791233e-02
3.250926264311072844e-02,-4.078210461951704835e-02
3.284877291113852404e-02,-4.099796869056657189e-02
3.238350261978568956e-02,-4.087251167212629932e-02
3.258637778627720971e-02,-4.099699619733273431e-02
3.244345694293600951e-02,-4.076906099122544480e-02
3.246677587883252392e-02,-4.080637371837706612e-02
3.243652789251723345e-02,-4.092460337184589819e-02
3.209746833727847304e-02,-4.030865507107804502e-02
3.254124230838238707e-02,-4.082877017193856789e-02
3.243098953916141031e-02,-4.047354728119994388e-02
3.223505550499769501e-02,-4.032829894975838159e-02
3.262565735224619290e-02,-4.066781220643652522e-02
3.282841022797208796e-02,-4.061858423860515571e-02
3.268096496219983355e-02,-4.098368514062154105e-02
3.227931664871058759e-02,-4.041063054482352951e-02
3.218337857023143705e-02,-4.025699705067463385e-02
3.243567015026223299e-02,-4.047472683477171262e-02
3.199345783556001993e-02,-3.996973354957012586e-02
3.223972336745629247e-02,-4.017870930210416802e-02
3.177772333900734381e-02,-3.958874153341467722e-02
3.172722869462351464e-02,-4.004657578885931213e-02
3.162606222153694496e-02,-3.977297840181391597e-02
3.138978599922381124e-02,-3.943287659630943104e-02
3.169141871308715774e-02,-3.994478207560619998e-02
3.122804200463236146e-02,-3.933512316768340150e-02
3.163663756900177843e-02,-3.948122009671530680e-02
3.136078972674968129e-02,-3.903050775326948746e-02
3.178837326623816517e-02,-3.954509492015109706e-02
3.170253134156084118e-02,-3.952306917892210031e-02
3.152708522323571100e-02,-3.926696628418026996e-02
3.160532583419200375e-02,-3.945247795359829723e-02
3.199767984669071863e-02,-3.955393649332288042e-02
3.187076982385839141e-02,-3.944587291374004878e-02
3.196381878475126198e-02,-3.913856118693891106e-02
3.219972770152851327e-02,-3.933533912912244579e-02
3.243427522864161805e-02,-3.953557785580111977e-02
3.248277245003678565e-02,-3.876123537225979743e-02
3.243228933874619385e-02,-3.953739298532388258e-02
3.178434655949521209e-02,-3.944882011340167249e-02
3.237362537891368131e-02,-3.931819091918162951e-02
3.227376675048225507e-02,-3.889328982542632207e-02
3.228618917280390993e-02,-3.899103200695763771e-02
3.241955597742461614e-02,-3.897591267062015807e-02
3.218536056064305595e-02,-3.885734911435527461e-02
3.248701973965219952e-02,-3.891806904759269325e-02
3.192304600354053945e-02,-3.896274518874524861e-02
3.203319541385848263e-02,-3.891908852662306212e-02
3.291233008517647357e-02,-3.914902959976437891e-02
3.274272537379353809e-02,-3.865911147129877379e-02
3.290916279805787548e-02,-3.860672014629739496e-02
3.232611851772376060e-02,-3.810148200148097408e-02
3.263836084847335922e-02,-3.866505113496532947e-02
3.225064062216678046e-02,-3.845113874215917021e-02
3.236380411551866010e-02,-3.812467029524612555e-02
3.217709612731679131e-02,-3.826014174814277441e-02
3.216529384273041775e-02,-3.839335707718594809e-02
3.244369101407877654e-02,-3.850286531532100265e-02
3.194440431719033219e-02,-3.797535483767251058e-02
3.213134414682414924e-02,-3.770360118997879983e-02
3.243237768268695392e-02,-3.805440087389799775e-02
3.205765998103709408e-02,-3.803731678430873064e-02
3.215176655875033596e-02,-3.818425854860311996e-02
3.158226258512814716e-02,-3.779724913758809174e-02
3.213338634003629068e-02,-3.783935222399887471e-02
3.242317462758466384e-02,-3.794851358440834432e-02
3.189710313628425081e-02,-3.785180567559733034e-02
3.193858886752840714e-02,-3.784768169095616835e-02
3.170524111919068022e-02,-3.757672004094224361e-02
3.249201839176529827e-02,-3.850848880305428323e-02
3.184145707924643937e-02,-3.776140258844765812e-02
3.188083106374724196e-02,-3.788141855186523410e-02
3.179355358960567896e-02,-3.774508510948259427e-02
3.166364068815061272e-02,-3.770966996946605726e-02
3.176161701138004168e-02,-3.781113889765317509e-02
3.140889708714814793e-02,-3.751871955607804371e-02
3.155545375293325461e-02,-3.753684191949768767e-02
3.158476536996769612e-02,-3.757619539783895596e-02
3.180211265792017711e-02,-3.736071550213183878e-02
3.204583066675738279e-02,-3.755891243305742311e-02
3.163770473883963791e-02,-3.708911803226638826e-02
3.170993151929289017e-02,-3.728668374360608051e-02
3.172473014799714192e-02,-3.728180412958032736e-02
3.169031418376726250e-02,-3.743968252718984924e-02
3.181985185920122722e-02,-3.732844468497979046e-02
3.134196101688069280e-02,-3.693276377569201102e-02
3.140153434768845619e-02,-3.725368939791593587e-02
3.140507865204941740e-02,-3.712105096511997965e-02
3.121337548953966035e-02,-3.719299401338440475e-02
3.134069429255573885e-02,-3.691301277647909829e-02
3.129096752918777979e-02,-3.691133972637062471e-02
3.150141306395842777e-02,-3.703046209085320006e-02
3.103730598656894921e-02,-3.672258106811136791e-02
3.145446433814855919e-02,-3.690810132086482648e-02
3.084337481681843560e-02,-3.654758071798781816e-02
3.099907216544316862e-02,-3.664285842052132647e-02
3.102032056313922675e-02,-3.682065137313064729e-02
3.122104281405845699e-02,-3.651796698496593413e-02
3.145484656951549191e-02,-3.679437202412440266e-02
nan,nan
3.100817634930642941e-02,-3.673083279859302303e-02
3.091405192685451470e-02,-3.637667923413399201e-02
3.069873461962193545e-02,-3.632035548093334038e-02
3.019091450451973427e-02,-3.602524977129619582e-02
2.991784612640970703e-02,-3.563011012036856190e-02
2.967188324334621777e-02,-3.552336684104795417e-02
3.014377099213562394e-02,-3.501093942700965467e-02
2.968477827430771043e-02,-3.506358989744230020e-02
2.927247419532598427e-02,-3.442610108597504714e-02
2.920949103788156656e-02,-3.425258905950728100e-02
2.865296827988261796e-02,-3.473485651450462092e-02
2.880436502965095028e-02,-3.468344940782228797e-02
2.872680851020502704e-02,-3.491899199148541105e-02
2.839885486944649165e-02,-3.408313902881635049e-02
2.847074777402218426e-02,-3.480770475760623650e-02
2.846270590273369816e-02,-3.457817010595415352e-02
2.881409964484080502e-02,-3.470258774200965513e-02
2.914511457248063556e-02,-3.470057673179983981e-02
2.902212297983292055e-02,-3.497557132772758509e-02
2.912303700800501424e-02,-3.549539638789902390e-02
2.929793727125750216e-02,-3.491406526342445693e-02
2.954602597441957287e-02,-3.486865199554558398e-02
2.947417966753265381e-02,-3.443909408141317824e-02
2.928123388059753959e-02,-3.422411230238885799e-02
2.919541526303551932e-02,-3.461873001305121322e-02
2.949126796796700326e-02,-3.412627199018278268e-02
2.965185963779831332e-02,-3.466923152621245036e-02
2.944397932821019026e-02,-3.429696097480921385e-02
2.930759464339377160e-02,-3.447131827444246954e-02
2.912367648339193871e-02,-3.438496124308648011e-02
2.907032027937495391e-02,-3.477180675121512715e-02
2.909603079355364136e-02,-3.485521736977082591e-02
2.877529901759889180e-02,-3.439478336567635547e-02
2.901276514346212004e-02,-3.480668381936326966e-02
2.880769165603192308e-02,-3.407000612152434604e-02
2.907675385677294458e-02,-3.501275931033839134e-02
2.905856238322027801e-02,-3.549668726610416547e-02
2.905899491204886123e-02,-3.462229144539496345e-02
2.924279056739658919e-02,-3.456060666785871344e-02
2.909935160933335360e-02,-3.428049531214690665e-02
2.898833615110273099e-02,-3.465314152864579222e-02
2.925453640356011006e-02,-3.449111684792528082e-02
2.928541748161052338e-02,-3.447915961288695874e-02
2.940781575856159236e-02,-3.446755626438174208e-02
2.881808221308035725e-02,-3.405167527650661274e-02
2.892352353234459855e-02,-3.395337510233990830e-02
2.873452008337577801e-02,-3.427901643467091281e-02
2.924823943162032855e-02,-3.403264954504186396e-02
2.916515957056001543e-02,-3.365430604239248724e-02
2.887526757298736896e-02,-3.374942143175017201e-02
2.891084051283943773e-02,-3.376631024077540039e-02
2.888315632775895550e-02,-3.344165626778687617e-02
2.876081619568206585e-02,-3.377253838319154572e-02
2.803395531530487178e-02,-3.316419454221394142e-02
2.865546333985662802e-02,-3.321908650832197663e-02
2.840296665626739978e-02,-3.284350938325994451e-02
2.818339550683286038e-02,-3.289220274668411964e-02
2.878887340221202365e-02,-3.354928752345646276e-02
2.854921763399580897e-02,-3.310857330288515671e-02
2.853112998043329587e-02,-3.321746591396092935e-02
2.837316806622706966e-02,-3.345904908809946982e-02
2.882699677473909636e-02,-3.373416910736914270e-02
2.837573761505215661e-02,-3.339927786254617142e-02
2.857831508269576687e-02,-3.355153343707800717e-02
2.851772226369501950e-02,-3.361726256822691189e-02
2.854876906230806310e-02,-3.331088776373671706e-02
2.866479691021399726e-02,-3.347742109372579822e-02
2.828958544404384934e-02,-3.307149135676939328e-02
2.864117124040546289e-02,-3.331132100396592272e-02
2.833264339647394159e-02,-3.328859798459597730e-02
2.809230004107587941e-02,-3.319672804940602268e-02
2.818417505935728873e-02,-3.338215184422213544e-02
2.782335064392069471e-02,-3.300769703782920061e-02
2.821587651598305227e-02,-3.338438338558382540e-02
2.796701406032551726e-02,-3.322882143523120391e-02
2.831776596151356143e-02,-3.345517818473549287e-02
2.792077796647055368e-02,-3.332566061390176276e-02
2.758818593225787277e-02,-3.310354293812235726e-02
2.795334195065385385e-02,-3.302907389834891516e-02
2.743926204940001085e-02,-3.278710856539619745e-02
2.789022716749733899e-02,-3.317128862561401909e-02
2.791229776125071435e-02,-3.266531750638196341e-02
2.801879154079181533e-02,-3.269177850533668689e-02
2.779017920337478395e-02,-3.269037520781377382e-02
2.725059789604012198e-02,-3.231377411028295982e-02
2.707913039702380606e-02,-3.239170942855483515e-02
2.728976957395146466e-02,-3.189818818460572053e-02
2.732082350543559718e-02,-3.222481716578022570e-02
2.666598103294981134e-02,-3.173281694593198254e-02
2.670279774063301012e-02,-3.175089070071199920e-02
2.636825854072564687e-02,-3.144330175282913226e-02
2.607159300266368926e-02,-3.126557297811935476e-02
2.642632581313755780e-02,-3.154174266377809260e-02
2.594002225411076376e-02,-3.133324299486273112e-02
2.641484959945796657e-02,-3.181639184560268452e-02
2.600681086016532959e-02,-3.116867765702726473e-02
2.608950155331687948e-02,-3.127619572571706946e-02
2.613218117706230317e-02,-3.107086717456605113e-02
2.642516020978660785e-02,-3.129949945972233111e-02
2.695778160422175954e-02,-3.172046043839756024e-02
2.664371088499985218e-02,-3.164106811157647164e-02
2.699637729744212844e-02,-3.219519901009765261e-02
2.650017265416149820e-02,-3.173616281033161263e-02
2.687712252739657762e-02,-3.198421580306123196e-02
2.681254310558044140e-02,-3.144687707017752160e-02
2.701419812982039023e-02,-3.195830261665562333e-02
2.711082791248413740e-02,-3.194702319922102657e-02
2.676636013961796248e-02,-3.154605044737702341e-02
2.698036649009170895e-02,-3.165509080328639258e-02
2.647475550235890360e-02,-3.125498192116404200e-02
2.678221034658805760e-02,-3.146912378972662599e-02
2.682606148095981191e-02,-3.138514750496698008e-02
2.701207715013562508e-02,-3.118947364244289977e-02
2.686796569040666299e-02,-3.137211499888308691e-02
2.659389853074582699e-02,-3.123657741126543985e-02
2.661758982909528601e-02,-3.153881820337175318e-02
2.636855054775840215e-02,-3.095720316062001640e-02
2.660121566972815238e-02,-3.083282200756309877e-02
2.666681221915219793e-02,-3.085738718882504936e-02
2.698107589156333030e-02,-3.121552540680862589e-02
2.685310188463745085e-02,-3.108353521301225261e-02
2.662845952204764485e-02,-3.080726570496687688e-02
2.692493721691837857e-02,-3.098978239689056252e-02
2.615338695276552342e-02,-3.038771518316880915e-02
2.647454279341824798e-02,-3.089932773351054818e-02
2.602754403864278657e-02,-3.051681015569395958e-02
2.664364255924531882e-02,-3.103795797973468371e-02
2.649927353586315620e-02,-3.101105251362299212e-02
2.631701119963814756e-02,-3.067652099276152108e-02
2.648728398264764416e-02,-3.090680963437729412e-02
2.626606781099359231e-02,-3.019343407531595649e-02
2.648612004613887586e-02,-3.056237914691610838e-02
2.575855885450045041e-02,-3.030406588275355237e-02
2.634478272561678602e-02,-3.050534022523170019e-02
2.677187572486477291e-02,-3.077101287461838156e-02
2.637913650576041019e-02,-3.039658063928223769e-02
2.656242704350778375e-02,-3.078662329762157229e-02
2.643777873153696847e-02,-3.046153211479125239e-02
2.639764414127454203e-02,-3.033978148064733760e-02
2.617148365801025278e-02,-2.973766069299292950e-02
2.632177677205669100e-02,-2.986863385494490861e-02
2.631319054667895577e-02,-3.003940962799971082e-02
2.634252961675031396e-02,-3.039114060396538169e-02
2.640470796683624596e-02,-3.041795660879710941e-02
2.616954863300747017e-02,-3.021005494564516988e-02
nan,nan
2.628540493383310986e-02,-2.999352845493396050e-02
2.618023140469900173e-02,-2.990067403777403252e-02
2.616016352651380494e-02,-2.956634554139769833e-02
2.606403386293029353e-02,-2.878368688565300856e-02
2.646150762440924870e-02,-2.942227467583448039e-02
2.618796076027290684e-02,-2.933677755469506210e-02
2.600925347863321246e-02,-2.934245329915313033e-02
2.584786088897853690e-02,-2.916511960027078423e-02
2.596494532057586763e-02,-3.000407347926377019e-02
2.567496528714777876e-02,-2.932082273308472473e-02
2.581980600416765997e-02,-2.939060600992593475e-02
2.572538938973431555e-02,-2.903937172249757351e-02
2.538206612945470911e-02,-2.870080838188043132e-02
2.577211352326436167e-02,-2.865862623923698393e-02
2.555802608874675405e-02,-2.846739024006519556e-02
2.565454830170218678e-02,-2.883922822356593113e-02
2.526167894938493447e-02,-2.822854418955721145e-02
2.521019084446628547e-02,-2.821533470798108512e-02
2.537264897453502671e-02,-2.881823593266309366e-02
2.518874265257293327e-02,-2.887270285508792070e-02
2.499644968062419981e-02,-2.867629188280941890e-02
2.460275998705464123e-02,-2.780994822109971940e-02
2.471760316394958426e-02,-2.806781443063326859e-02
2.419299494789924759e-02,-2.777060912262744458e-02
2.416542722201225901e-02,-2.796032232549635135e-02
2.397621313543571095e-02,-2.743741597681588831e-02
2.428382604497505634e-02,-2.760372003868633711e-02
2.416211645051093149e-02,-2.729946690613334684e-02
2.387726418592007668e-02,-2.712281153326589339e-02
2.384834328484523175e-02,-2.727361738473478223e-02
2.382099074532735908e-02,-2.748512850739998070e-02
2.435630521636861917e-02,-2.759897129271618108e-02
2.388405354300921282e-02,-2.688618412290993270e-02
2.381294418846290756e-02,-2.693942695808216811e-02
2.367119090910067836e-02,-2.662590446369106703e-02
2.376782739096559849e-02,-2.646154068957195030e-02
2.400362735744842116e-02,-2.683292820823625704e-02
2.405618245459133914e-02,-2.642281999429104550e-02
2.423200966560591293e-02,-2.669764744783181820e-02
2.420447260967943312e-02,-2.680316521165539492e-02
2.474758667706688717e-02,-2.706272024316739785e-02
2.432893290123105609e-02,-2.683304691510579945e-02
2.462801221872859894e-02,-2.755977565681686295e-02
2.457063361720488934e-02,-2.745017184198399532e-02
2.475079153216237782e-02,-2.711650716437288139e-02
2.472360164530752399e-02,-2.718346246168802313e-02
2.447729970164030933e-02,-2.660619559164867365e-02
2.475095426999236736e-02,-2.687680679119468230e-02
2.423948949694431851e-02,-2.618209996095560016e-02
2.436093822365179712e-02,-2.664131452745712239e-02
2.442655605464489482e-02,-2.656374709875046480e-02
2.402568144035156436e-02,-2.650594089922430827e-02
2.405589958533093861e-02,-2.643151688461163953e-02
2.361203857468254647e-02,-2.606353970473662685e-02
2.409108810456559238e-02,-2.629592757853974755e-02
2.366465574541671071e-02,-2.673857763959840150e-02
2.423016849155263872e-02,-2.728788080418364376e-02
2.383229858250007424e-02,-2.614751493521777492e-02
2.377102296291196820e-02,-2.598884071860916092e-02
2.355914002522227144e-02,-2.606611768000325138e-02
2.375616223402911634e-02,-2.578468543860092457e-02
2.383128836752471807e-02,-2.613671610290851238e-02
2.354820755942291580e-02,-2.547423560925372865e-02
2.352844062482198004e-02,-2.593298008674795388e-02
2.325710020872181344e-02,-2.519880908294492433e-02
2.370185845140874992e-02,-2.552520202241715178e-02
2.347808314445985409e-02,-2.540696089367995222e-02
2.352614096363093640e-02,-2.544247238147502588e-02
2.354165121050857262e-02,-2.575084180422470767e-02
2.348634219006055790e-02,-2.532330787021779689e-02
2.336262882473963409e-02,-2.573831247536912878e-02
2.349881918924303856e-02,-2.599236630921042054e-02
2.386198337590399177e-02,-2.640827892137626726e-02
2.333752417175507382e-02,-2.571890189096005461e-02
2.338621773720036753e-02,-2.556825604740599334e-02
2.330986035367520540e-02,-2.556466051921415378e-02
2.316067516055942896e-02,-2.539599959277618821e-02
2.312382082897498220e-02,-2.577952987124127945e-02
2.295789397131252005e-02,-2.528515903118585054e-02
2.321984124918703360e-02,-2.561939006464172830e-02
2.258897291244523625e-02,-2.515470806208282978e-02
2.276746763154994385e-02,-2.546783078451483537e-02
2.278415814238997708e-02,-2.529213148721672771e-02
2.244061023956443746e-02,-2.534343846315257817e-02
2.241189504800224566e-02,-2.515993794808572478e-02
2.233693453490779440e-02,-2.507748206767869067e-02
2.258650477957267755e-02,-2.499512958376641156e-02
2.211551852058363937e-02,-2.480519935465387224e-02
2.246446000565532897e-02,-2.510089749491936639e-02
2.197002870566492141e-02,-2.473239258878045035e-02
2.246529031952793076e-02,-2.488182308824920738e-02
2.195187388273430601e-02,-2.480323468777883775e-02
2.195303109964387087e-02,-2.475846474077759984e-02
2.213104472026694233e-02,-2.475093931546950080e-02
2.168991878828589390e-02,-2.482195896395794285e-02
2.204800783558436700e-02,-2.491338375233791494e-02
2.187168878046210144e-02,-2.454029411630788762e-02
2.187860728341040409e-02,-2.497095243644111701e-02
2.154475254327369027e-02,-2.460373743640750788e-02
2.143801647287716175e-02,-2.472141093426553568e-02
2.140398876707839612e-02,-2.439609042526062754e-02
2.151928406176281325e-02,-2.437401041114599376e-02
2.171974631916829407e-02,-2.476984134901696194e-02
2.114329185548585038e-02,-2.439483597219310046e-02
2.133915092473912326e-02,-2.456178306881448212e-02
2.075908201169558709e-02,-2.409088121556505341e-02
2.088049767979953050e-02,-2.429451470519304254e-02
2.044707399519346894e-02,-2.384125447516000779e-02
2.027620981439977321e-02,-2.392168804498803064e-02
2.032288562389667277e-02,-2.376372324758318361e-02
1.984175506601674674e-02,-2.378118326801564875e-02
1.972692334981649906e-02,-2.403317327885512097e-02
1.954624142483383370e-02,-2.382111648030065323e-02
1.981366724986847669e-02,-2.397503944645034898e-02
1.950019108255091754e-02,-2.359873171227485494e-02
1.991120361456171287e-02,-2.387379140670008171e-02
1.969513881822774343e-02,-2.350041658134929129e-02
1.979701336499618131e-02,-2.388689821840445093e-02
1.967470304860687025e-02,-2.410471517303805142e-02
1.997365111113298328e-02,-2.413260139175726557e-02
2.033119266924459517e-02,-2.420592110700071214e-02
2.018124592276829277e-02,-2.415942465699440558e-02
2.068660657753595630e-02,-2.439767111097267821e-02
2.035966943720765934e-02,-2.388672671632100647e-02
2.052361819455069888e-02,-2.412065425327901066e-02
2.051266788266328453e-02,-2.409113425344848111e-02
2.024034637312478735e-02,-2.422740528357021986e-02
2.044937005711125813e-02,-2.408547386289794021e-02
2.041188128267733271e-02,-2.375552844995802715e-02
2.052397894810585599e-02,-2.386471133916550844e-02
2.035680246484174519e-02,-2.386455402651293037e-02
2.004599234404167568e-02,-2.406141634298047255e-02
2.001687264139734995e-02,-2.394536957795703400e-02
2.044986927746774569e-02,-2.410587524508003496e-02
1.988468967666207413e-02,-2.388492034135087858e-02
2.019742430213507245e-02,-2.383219816352970255e-02
1.961595448905651198e-02,-2.389760445442096204e-02
1.994212150101169756e-02,-2.372604599552249199e-02
1.979899746672779404e-02,-2.358971526717119210e-02
2.013210720776619292e-02,-2.377912180966764225e-02
1.981554433114710023e-02,-2.362422227177381900e-02
1.980652898997941128e-02,-2.346457102143232124e-02
2.001669122928618344e-02,-2.371350205742214431e-02
1.974614121788059035e-02,-2.310794186907075276e-02
1.994537385647477887e-02,-2.322525294173259647e-02
nan,nan
1.973051146244484202e-02,-2.303212659132697002e-02
1.985648233417174058e-02,-2.289381221593692409e-02
1.939005019451953832e-02,-2.303642371215961285e-02
1.963244768349951125e-02,-2.321604612464352527e-02
1.938659209871453418e-02,-2.355846522631185186e-02
1.979044731369057966e-02,-2.395652192491071544e-02
1.961526664752645185e-02,-2.262724536575540235e-02
1.983668479785614600e-02,-2.275611658823868677e-02
1.951589849363373139e-02,-2.245506934635770752e-02
1.944213289711446344e-02,-2.261639049418281977e-02
1.915926256891483520e-02,-2.260133146592522430e-02
1.902132298648155639e-02,-2.259765237779694930e-02
1.894055394230443820e-02,-2.316870595502631275e-02
1.911150805152373247e-02,-2.334482762089868518e-02
1.954104717838773056e-02,-2.344380103175670860e-02
1.889907082319990800e-02,-2.261463129989101789e-02
1.912902254196963830e-02,-2.266021714329897324e-02
1.866159552274318859e-02,-2.216289147300824422e-02
1.895976324546948255e-02,-2.228158328469112895e-02
1.879450551868084435e-02,-2.201330359093042408e-02
1.854535310257840117e-02,-2.177900418152550407e-02
1.851412591687967915e-02,-2.224061183602123529e-02
1.856226098608488792e-02,-2.268475523680632891e-02
1.908135509408858885e-02,-2.275917038160972170e-02
1.870009921887903076e-02,-2.165882759194447810e-02
1.902529221230026338e-02,-2.161576570126111374e-02
1.879638859691084782e-02,-2.118902635438199566e-02
1.887748434261790620e-02,-2.144765937207339379e-02
1.854370890294114796e-02,-2.105462788821859874e-02
1.866768994948265689e-02,-2.097297352036569737e-02
1.867634654772362332e-02,-2.088559469188925460e-02
1.856388741045795002e-02,-2.151866758999781970e-02
1.863592001299886960e-02,-2.212777195147961479e-02
1.852571078315981556e-02,-2.136561536107233969e-02
1.879996884104096280e-02,-2.148337064562830939e-02
1.829595887389147413e-02,-2.097981094667905611e-02
1.858105524478965639e-02,-2.069632356074411692e-02
1.833290327333720812e-02,-2.026178244413371840e-02
1.838929998249272738e-02,-2.044468368740401387e-02
1.824297083923314550e-02,-2.039234651038015003e-02
1.814231107881071614e-02,-2.051262865187073250e-02
1.811605250874878670e-02,-2.100228341600386683e-02
1.778188047869928151e-02,-2.113038460361482337e-02
1.768970392004137401e-02,-2.072303140921970960e-02
1.763174697728887505e-02,-1.963869363201829060e-02
1.759654901301304156e-02,-1.966233568765049511e-02
1.715459706600759235e-02,-1.923082075340752997e-02
1.758269144359568895e-02,-1.948857315271957866e-02
1.717443830183462347e-02,-1.893278734811383590e-02
1.706697650273980918e-02,-1.911859475063943520e-02
1.705151268517533444e-02,-1.896052032037901652e-02
1.722405874934437864e-02,-1.894185638166299632e-02
1.745162304597517103e-02,-1.993287392109880860e-02
1.716792683727158542e-02,-1.922047957563549278e-02
1.742020736162470246e-02,-1.935871181791081266e-02
1.713091822033619219e-02,-1.889174430533972424e-02
1.764665383678979543e-02,-1.931819408377084477e-02
1.750441091232661159e-02,-1.900286535144440556e-02
1.789548138594544355e-02,-1.896750408680538194e-02
1.786035634993272947e-02,-1.861055950864066999e-02
1.807089882005918219e-02,-1.868103975954330670e-02
1.783306128524215356e-02,-1.877064394027026795e-02
1.774725031885900431e-02,-1.871172125463596916e-02
1.804074175753756296e-02,-1.986387932358912173e-02
1.797835307373536404e-02,-1.930525473350146876e-02
1.809888255787317490e-02,-1.932683671863631714e-02
1.766541084356474528e-02,-1.877157374735674567e-02
1.789653580207789876e-02,-1.893368268095944884e-02
1.752967021008729892e-02,-1.844658988295480931e-02
1.752188765452501740e-02,-1.853441774170605516e-02
1.738817725473946335e-02,-1.822463616845807627e-02
1.739170283999756303e-02,-1.825131368488720068e-02
1.746507125108550870e-02,-1.823658186307290305e-02
1.738634129026928390e-02,-1.786323603746699587e-02
1.761127511633284182e-02,-1.791144764218674523e-02
1.710796809047980885e-02,-1.834433157457699901e-02
1.761478146212255499e-02,-1.926193364515024417e-02
1.742273072031365680e-02,-1.823236399250655060e-02
1.783787877723886153e-02,-1.822745282996994162e-02
1.715090266925026197e-02,-1.786477197135894965e-02
1.764829125867659748e-02,-1.802310070379968543e-02
1.722479459739258839e-02,-1.764551720469647450e-02
1.711822227774582525e-02,-1.806094021559853657e-02
1.712173350986012643e-02,-1.758219695440018521e-02
1.726112540938001122e-02,-1.751163716535788020e-02
1.688233465438516989e-02,-1.744690464106943631e-02
1.714363479294455164e-02,-1.734913019524414110e-02
1.728905630060974252e-02,-1.735627442174016502e-02
1.698397616095065343e-02,-1.720630427026607553e-02
1.696679830601354952e-02,-1.738453435311134582e-02
1.666205455638306715e-02,-1.690315622798591044e-02
1.690444722383543236e-02,-1.808355988036382950e-02
1.679293975210514531e-02,-1.768106959837996428e-02
1.692016309850116057e-02,-1.750550594543482177e-02
1.673850939763980861e-02,-1.728731076243206904e-02
1.671238472167539679e-02,-1.706339665375060724e-02
1.673830904766596128e-02,-1.716019631558777722e-02
1.667439670701656093e-02,-1.684902638140475806e-02
1.690436742261164360e-02,-1.695961513646972868e-02
1.624651326460678849e-02,-1.670516741180950657e-02
1.644334987168239934e-02,-1.699842872330238272e-02
1.634155148179984585e-02,-1.641263385917416523e-02
1.651653270651648811e-02,-1.680265615618639630e-02
1.613296890512879236e-02,-1.624502938159544732e-02
1.621752187815001314e-02,-1.655472593389703886e-02
1.596513591773331825e-02,-1.617661734179601241e-02
1.586059165893289810e-02,-1.642346029589641931e-02
1.575072409390152264e-02,-1.623034649926761303e-02
1.574191570244269298e-02,-1.601049619868851956e-02
1.592677452597029975e-02,-1.613643828886516043e-02
1.568450219094695910e-02,-1.577402655532634049e-02
1.563557847820547936e-02,-1.627706845033035504e-02
1.527498589670212535e-02,-1.598976135133305110e-02
1.552471836189883540e-02,-1.626920284006712347e-02
1.497041570097570190e-02,-1.586287034235993321e-02
1.556070673342780687e-02,-1.607900474595740439e-02
1.498932594721747238e-02,-1.571896059722359060e-02
1.529619186727127801e-02,-1.585428035783904149e-02
1.510857302641473859e-02,-1.572661774729563686e-02
1.510099028667432133e-02,-1.578332812855342063e-02
1.471834480667415061e-02,-1.562358669886627395e-02
1.486082187039010523e-02,-1.542937005139153120e-02
1.455686058911066956e-02,-1.555367567226190011e-02
1.448141334755834175e-02,-1.530503818085540875e-02
1.441863324106475858e-02,-1.560333085261214614e-02
1.418636536577444311e-02,-1.525602713734439467e-02
1.399204030917102111e-02,-1.529351309161888078e-02
1.370759076606190528e-02,-1.493827672907100008e-02
1.369458023842245846e-02,-1.505057449124923633e-02
1.291454984167203328e-02,-1.480800418816641609e-02
1.332419703204846574e-02,-1.510495037601929970e-02
1.294910189253429059e-02,-1.449420944832632147e-02
1.314452599253491082e-02,-1.452571441497153490e-02
1.312841439164042813e-02,-1.466111968228490589e-02
1.296890594558000251e-02,-1.438053744071604058e-02
1.291251401258323474e-02,-1.475303365954601896e-02
1.294011542919453438e-02,-1.430804143629303866e-02
1.340137751353433389e-02,-1.469001314064511364e-02
1.312276226680563450e-02,-1.439309299692598590e-02
1.382787897376567231e-02,-1.500623994799752184e-02
1.338784089950536410e-02,-1.466875523517829905e-02
1.423120074379879453e-02,-1.494209633631529699e-02
1.357438133650829513e-02,-1.444493758826280276e-02
1.399321862832042344e-02,-1.482519408945681509e-02
1.399443771686506577e-02,-1.454778724650164848e-02
nan,nan
1.373636272519016682e-02,-1.474735096581418492e-02
1.362455918833788311e-02,-1.457906837548906057e-02
1.367618927969036120e-02,-1.505152929061790053e-02
1.352494709192178513e-02,-1.537839651840068426e-02
1.381943981484113487e-02,-1.540443955575122696e-02
1.335307712795699014e-02,-1.468359411315332645e-02
1.334268151228150574e-02,-1.495082683334758404e-02
1.293168221323567207e-02,-1.424512790106789890e-02
1.291565209488338556e-02,-1.456855868070797838e-02
1.246701543503934626e-02,-1.415995338235584260e-02
1.287923025647142589e-02,-1.467515678075173406e-02
1.283324670949046245e-02,-1.510544323872217536e-02
1.325880471593498568e-02,-1.469462438634166861e-02
1.302414021958311213e-02,-1.425122791204407220e-02
1.286767565853863711e-02,-1.414768466851512065e-02
1.296490794680740972e-02,-1.399115292742152648e-02
1.265607799490560750e-02,-1.370910740755068927e-02
1.252363560859330767e-02,-1.393176199874171517e-02
1.218920378333795268e-02,-1.379640980560642959e-02
1.276570650950194924e-02,-1.466375131368769826e-02
1.236802127273251180e-02,-1.423192243134686202e-02
1.256265083785167679e-02,-1.406871703933251956e-02
1.228415703612767938e-02,-1.351685151667866326e-02
1.246121170273006666e-02,-1.378677658361771030e-02
1.184687658589601497e-02,-1.331255996531665806e-02
1.199135430268625374e-02,-1.340207429406350959e-02
1.224624199092947015e-02,-1.320268286926176357e-02
1.235948505224799404e-02,-1.370440145332200294e-02
1.234098506561144039e-02,-1.408632946129926775e-02
1.171489045199199108e-02,-1.313410559599470159e-02
1.228271024546499085e-02,-1.314700675904461116e-02
1.174270607829394630e-02,-1.269348975751764287e-02
1.196013955970018014e-02,-1.296999156997611161e-02
1.160321658260102945e-02,-1.260250855044592506e-02
1.189687721971864794e-02,-1.273925419667337224e-02
1.155148240002728914e-02,-1.265976193335433854e-02
1.194460489120566238e-02,-1.369323814010012241e-02
1.169056882609346634e-02,-1.293754454683121620e-02
1.186003772132645379e-02,-1.294141844190701066e-02
1.141310455503427405e-02,-1.241402284931613156e-02
1.138139903652856874e-02,-1.252845985561589805e-02
1.163424251220845397e-02,-1.197866569722095924e-02
1.131715990717742024e-02,-1.210191564209287321e-02
1.101325487418475767e-02,-1.180678312153740639e-02
1.135671859285512612e-02,-1.200765460670733149e-02
1.131094668442825593e-02,-1.268847268664445756e-02
1.111964068431543599e-02,-1.231888158269394372e-02
1.128021443942289412e-02,-1.221184442446806087e-02
1.088994827511528991e-02,-1.182013007925635309e-02
1.085904513225951357e-02,-1.185270836537724234e-02
1.099834001407582092e-02,-1.146115944990228584e-02
1.130575399150740221e-02,-1.139776399943148028e-02
1.097384491212890015e-02,-1.096873265301262154e-02
1.094285139503117787e-02,-1.142423933939971589e-02
1.040671761321978681e-02,-1.178712391106207825e-02
1.123546368901190418e-02,-1.215814504634441136e-02
1.090716043222572998e-02,-1.118307141346027399e-02
1.065563484890269010e-02,-1.104596774437236958e-02
1.100593451289550925e-02,-1.080035062262389711e-02
1.089357381677264099e-02,-1.068377922015374161e-02
1.087232925486947797e-02,-1.038269255092269527e-02
1.043328470874431597e-02,-1.019076680184794262e-02
1.056110487943211912e-02,-1.006366775111617456e-02
1.008582298111152485e-02,-9.926195506270002120e-03
1.049311565759424893e-02,-1.112486974935909638e-02
1.002841891884533911e-02,-1.044429461134807439e-02
1.007105532623226406e-02,-1.043969667718385071e-02
1.011829048378216737e-02,-9.503510155334295509e-03
9.833752006975313847e-03,-9.777796687898125672e-03
9.204642027916404290e-03,-9.152916404470263362e-03
1.002457767765723394e-02,-9.123221097914814212e-03
9.673921273991296921e-03,-8.910616397920970155e-03
9.599090330743310570e-03,-8.961607613448998103e-03
8.985524368847173232e-03,-8.975034601519488522e-03
9.745422577369020761e-03,-9.357281810066821193e-03
1.000443027217346945e-02,-9.912669379497043853e-03
1.011712187062475087e-02,-9.785363672228901064e-03
1.028468659409128259e-02,-9.455780791846387506e-03
1.017621989017214977e-02,-9.446825424756182324e-03
1.051141576712687209e-02,-9.742639411846880371e-03
1.000044906851214020e-02,-9.258970035424547024e-03
1.007751171327866263e-02,-9.589200824787584565e-03
9.944642787457493374e-03,-8.911334714288838069e-03
1.002144085231270430e-02,-9.091898303295282285e-03
9.787751512018280989e-03,-8.656899624689172804e-03
1.030511430011760675e-02,-9.047967936738687128e-03
1.004589407348978163e-02,-9.453177189874345521e-03
1.025258534148296499e-02,-1.002511456702705715e-02
9.533839271702418058e-03,-9.100505801199551201e-03
9.801597075479746152e-03,-9.032125411007254495e-03
9.679232905244328569e-03,-8.910997966578140805e-03
1.009428319726304694e-02,-8.951283344286325994e-03
9.843049325040790706e-03,-8.678984579033993327e-03
9.714640568959367548e-03,-8.400420490123556780e-03
9.772075660132927347e-03,-8.367854991647990376e-03
9.576424763093362852e-03,-8.077254501355265320e-03
9.690581403678176151e-03,-8.063673670172435276e-03
9.382379644137368163e-03,-7.957760669883297625e-03
9.586808037877840236e-03,-8.210942279961230134e-03
9.457867631411062334e-03,-8.026485075556113319e-03
9.509221110558418316e-03,-8.848158269034036433e-03
9.410550134512321585e-03,-8.800653477643064285e-03
9.531087280707235820e-03,-8.288784493419644114e-03
9.142297803609700235e-03,-8.056799501795858243e-03
9.175267300286020847e-03,-7.997960024293780668e-03
8.931042735470816341e-03,-7.578668218165370528e-03
9.293433934002531815e-03,-7.748789479402506258e-03
9.088912186832200091e-03,-7.494758994055813160e-03
9.452802609178958745e-03,-7.693905224678434726e-03
8.740469424218638358e-03,-7.285853749113750319e-03
8.585442867719549412e-03,-7.726760941126309748e-03
9.126571866798214791e-03,-7.104839240665275849e-03
8.948649597034188941e-03,-7.318966988492909588e-03
8.706242962382253203e-03,-7.140304597694781784e-03
8.415959388202861116e-03,-6.825355953972506856e-03
8.112460594656948840e-03,-6.816783050898471939e-03
8.045204960390121840e-03,-6.669647817507293533e-03
7.959404328150064198e-03,-6.591185571377936557e-03
7.548158987645202725e-03,-6.384654707339739756e-03
7.833427342011449121e-03,-6.627367041607241417e-03
7.318475733484629438e-03,-6.333127752281564327e-03
7.970097985743810134e-03,-6.614347957950622060e-03
7.362918221723955582e-03,-6.088303322783730070e-03
7.498123779893544477e-03,-6.468226951301447869e-03
7.237418184802411024e-03,-6.041186866937103307e-03
7.463787427534668631e-03,-6.393559776765628429e-03
7.345873804393845963e-03,-5.990611763379670961e-03
7.429924994150631685e-03,-6.379932605943237911e-03
7.067180780068650463e-03,-6.046960999466152731e-03
7.173427778184142574e-03,-6.178659855933610855e-03
7.166373425292659784e-03,-6.228946585547311121e-03
6.826537789699766226e-03,-6.116165040547116676e-03
6.769481718676241717e-03,-5.750577157913810272e-03
6.953676420858637651e-03,-5.997491516017408250e-03
6.817361914115645238e-03,-5.892131818938506523e-03
6.750279933069739183e-03,-5.590118972915507529e-03
6.903364418375436233e-03,-5.865174589379814826e-03
6.503052226150859809e-03,-5.946760750766103519e-03
6.434745178796381741e-03,-5.896036178783427631e-03
6.347725497441149278e-03,-5.755473468158377182e-03
6.733258831808477778e-03,-6.244307585008515744e-03
6.404571489274472028e-03,-5.785230012151630977e-03
6.704505623778207399e-03,-5.883057461444852511e-03
6.562283475773283102e-03,-5.630142915002456921e-03
6.444479878501325858e-03,-5.427561138501465522e-03
nan,nan
5.720303612504922149e-03,-5.201177490054094063e-03
5.242929939712452289e-03,-5.446480662864090945e-03
5.779592906166642653e-03,-6.280357328529974359e-03
5.207783555334897542e-03,-5.938058256168759347e-03
5.484875698713343427e-03,-5.334370042628608713e-03
5.025934944185007219e-03,-4.935015152605664278e-03
5.394578961054809219e-03,-5.288258249368093557e-03
5.159526303589291076e-03,-4.607526410585045806e-03
4.803027844215574695e-03,-5.240545219914760113e-03
4.747167180972724707e-03,-5.282835304482974906e-03
5.100825760259389101e-03,-5.472088170364675444e-03
5.156025274213162438e-03,-5.108627702202773492e-03
4.780862945525855834e-03,-4.981769459267421443e-03
4.927790257313003838e-03,-5.084880748900813714e-03
5.400128628071584024e-03,-5.035292555622811021e-03
5.252398451421324069e-03,-5.472714639126155696e-03
5.246695824519995686e-03,-5.570084197202270458e-03
5.370383821763513414e-03,-5.857092791123725932e-03
4.952733388109293797e-03,-5.197531519463619715e-03
4.729130967574798720e-03,-5.194530684752817103e-03
4.841840415992603244e-03,-4.960925199809123817e-03
4.800595766644820059e-03,-5.133234692063493726e-03
4.500027479668778849e-03,-4.571037294860875316e-03
5.123771794612729837e-03,-5.404389938055528982e-03
4.807279796334801292e-03,-5.316114960136225989e-03
4.993103813026878932e-03,-5.270110445058625095e-03
3.990307266407106673e-03,-4.552032297238636609e-03
4.177982712064194290e-03,-4.700212304708996369e-03
4.201033827986824787e-03,-4.361822305975350533e-03
4.174875290965258598e-03,-4.345163361043955126e-03
4.118144435920206847e-03,-4.744109679103525844e-03
4.363414666604921791e-03,-5.370159127806457475e-03
3.702267537302294208e-03,-4.707895478834178173e-03
4.081799496336700576e-03,-4.355990232833947991e-03
3.849132524204004323e-03,-3.899015187543255698e-03
3.944393142474110665e-03,-4.195389975185725463e-03
3.644567465086381332e-03,-3.620719024326805868e-03
3.878392962464752031e-03,-3.747714146829694316e-03
3.861831612643884873e-03,-4.345933584871758404e-03
4.106479262334766442e-03,-4.742498620287057334e-03
3.963971338219103059e-03,-4.135463422419503703e-03
3.924327354505121462e-03,-3.844998829489482822e-03
3.844144186093412675e-03,-3.870519028444410672e-03
3.566886569781592582e-03,-3.374293803455057257e-03
3.403532369450844395e-03,-3.356812925720206470e-03
3.178004236128971743e-03,-3.526774240784079622e-03
3.327333960707508798e-03,-4.173892203083625664e-03
3.394464788544866805e-03,-4.021724371152069107e-03
2.938726133214553116e-03,-3.533496538018556041e-03
2.505770085367600621e-03,-2.889432595252823099e-03
2.535900989125734663e-03,-3.289181618209390760e-03
2.590629064469896978e-03,-2.709879772760031853e-03
2.396662681325073107e-03,-2.566825894389396755e-03
2.282736326350681341e-03,-2.839405218531807374e-03
2.556408607122071831e-03,-3.846653795076621953e-03
2.225799683552920089e-03,-3.341296783100384995e-03
2.376739756315905845e-03,-3.072981741303324518e-03
2.227174692570841989e-03,-2.656407230453423224e-03
2.443915650001046540e-03,-2.969073511776299315e-03
2.113802046676831366e-03,-2.307088835206299194e-03
2.027436623265361712e-03,-2.181586783434569937e-03
1.812796556938502677e-03,-2.259903089180735451e-03
2.332005843993135638e-03,-3.017118945653155231e-03
2.273439094697855389e-03,-2.919342009881795586e-03
2.370583625204860431e-03,-2.143147522808930890e-03
1.716954786769943168e-03,-1.576621312077111170e-03
1.936680393126718764e-03,-1.971882842368126530e-03
1.786716790620141012e-03,-1.604220772818540017e-03
1.911460854001478500e-03,-1.798805956022059152e-03
1.699100968558392606e-03,-1.656022480308201464e-03
1.865240390864325712e-03,-2.261436256290484410e-03
1.900422140976791574e-03,-2.457782688000747021e-03
2.134870734739604311e-03,-2.155029510959252052e-03
1.368932455561956869e-03,-1.292497135763363966e-03
1.335904437761092954e-03,-1.508145834380834405e-03
1.095011281578084318e-03,-1.360183665115220547e-03
nan,nan
1.066589551687281527e-03,-1.056472448968224500e-03
7.835359190005352021e-04,-7.248405390207848537e-04
1.227068366565483909e-03,-1.805484006664404700e-03
6.929001876758596450e-04,-1.684166821490532245e-03
9.521762459598153393e-04,-1.282572262436642348e-03
6.653837601046182128e-04,-1.092260808023811118e-03
6.845450876672221682e-04,-9.098459719086938796e-04
-1.812901136189602085e-04,-1.411134927606876163e-04
-8.161257561671812625e-05,-4.557452098099215739e-04
-5.294753898638809332e-04,-1.966399031539534651e-05
-1.928480946775898181e-04,-2.435082539699070625e-04
-5.206466496699124194e-04,-5.193214039065564185e-04
1.609469266109697845e-04,-9.479871871415889708e-04
-3.848330076115529013e-05,-7.112827334990315170e-05
7.716915330141516094e-05,-1.063352469229885029e-04
-4.633238553174744753e-04,3.348557530481096061e-04
-2.757946739325362918e-04,3.834274598082507601e-04
-7.393579061497598847e-04,8.906121437705753503e-04
1.908305255262373487e-05,1.785020018329770274e-04
-3.136164044261177718e-04,8.017630197892001596e-04
7.879710748036076388e-05,2.873872648662933451e-04
-8.385281321327087514e-05,-1.487614949332312913e-05
2.066091667641772693e-04,-1.930473656279540844e-04
-5.109176005886845260e-04,6.493155067633706598e-04
-8.354236050307435374e-05,4.417988960273596505e-04
-2.569275117805917569e-04,6.817313536254159326e-04
1.114932336206704008e-04,5.385489088056894707e-04
-1.533846974085835001e-04,9.599291703851079230e-04
-1.358202413071781618e-04,9.418654905266970155e-04
-6.238648368751482974e-04,1.336239809994687775e-03
-1.537281227783606689e-04,8.564823399494317672e-04
-5.017480565483766527e-04,8.660346794391135961e-04
5.318090517304114483e-05,1.682181284994370773e-06
-3.022367775143049444e-04,9.986620864541675968e-04
-2.716761998352669244e-04,7.219504471606040747e-04
-8.176460576572060473e-04,1.554640212047468271e-03
-5.557522417743287080e-04,1.003275089584222072e-03
-2.672620934072892718e-04,1.562927875263557575e-03
-1.806164164075359008e-04,1.066403647169790253e-03
-1.113454858163026801e-03,1.732519061355899817e-03
1.797512853807828282e-04,1.511319158771566324e-03
-2.510002078692580773e-04,1.814347142428353842e-03
-4.487960965878704097e-04,2.108309871779701864e-03
-8.161757073875820345e-04,1.935670612653999593e-03
-3.415771991893474971e-04,1.102817662183856870e-03
-7.768721150337927787e-04,1.390464332357608124e-03
-3.638873923757071963e-04,1.607164024879210572e-03
-7.012554328550308106e-04,1.967219430419790607e-03
-3.360735900455467571e-04,1.737956923932911651e-03
-7.260376381749150546e-04,1.887572949199691841e-03
-8.061546845759163605e-04,2.362125990655316102e-03
-1.168778427920026761e-03,2.466834359784054326e-03
-1.146679168391910282e-03,2.517645459744444984e-03
-1.786383888218765360e-03,2.795046556162954915e-03
-1.665010489578702636e-03,2.714426762073598055e-03
-1.616642005583455522e-03,2.734271708525892828e-03
-2.086164941547137726e-03,3.188998185019214972e-03
-1.599242561737091589e-03,2.964662421440159967e-03
-1.405132894810768576e-03,3.058763550495938698e-03
-1.802152527231124434e-03,2.700295707436008771e-03
-1.760269072661502969e-03,2.345836492172264330e-03
-1.434820481290714810e-03,2.341612451722245407e-03
-1.660170644263246143e-03,2.732835248700436846e-03
-2.019559518498678652e-03,2.915913355154975319e-03
-1.952186034114305850e-03,2.885355067529452987e-03
-1.782730298899173806e-03,3.125336733410478008e-03
-1.809509943329915211e-03,3.297004689119908353e-03
-2.132211998269583492e-03,3.273896296659297486e-03
nan,nan
-2.240281221833431181e-03,3.484293701271231909e-03
-2.456340343165967430e-03,3.555191055907085899e-03
-2.170294816775122492e-03,3.037898215501530063e-03
-2.559348226772087138e-03,3.186075659210854324e-03
-1.916073042164218639e-03,3.388751658703933588e-03
-2.002417850667106026e-03,3.535496871076035039e-03
-2.179719148230575484e-03,3.615516350031644770e-03
-2.288790898582102138e-03,4.168096640702924349e-03
-1.785171376470401621e-03,3.383259479296791931e-03
-1.895884916682205861e-03,3.143384670994465221e-03
-1.924900272211308621e-03,2.782917343575785213e-03
-2.528403823893782005e-03,3.790056011057879853e-03
-2.367407969985625433e-03,3.676802656199812218e-03
-2.461006813788971063e-03,4.034420651461002698e-03
-2.440465061095329052e-03,4.158669529795644242e-03
-3.162791043624071669e-03,4.205403959587640170e-03
-2.592943514734398665e-03,3.546724727839424378e-03
-2.575245306528688161e-03,4.010205993098139507e-03
-3.417131129615526546e-03,5.019976957036252976e-03
-3.711865191108168309e-03,5.519297148905522726e-03
-3.676959058086173501e-03,5.459306301529028016e-03
-4.299963248003258083e-03,5.977396877882409400e-03
-3.939748937045925957e-03,4.880154958882784201e-03
-4.053143900774359987e-03,4.812819685073634404e-03
-4.115543994703246139e-03,4.972597882433315263e-03
-4.021071942142400747e-03,5.408586527319939399e-03
-3.766559380864054757e-03,5.472299344802555345e-03
-4.401015138746280399e-03,5.989237590014884725e-03
-4.053577540392135602e-03,5.743888606451984062e-03
-4.391151871659908570e-03,5.544804265449425860e-03
-3.818873775673112085e-03,5.068844214669485614e-03
-4.333097234385444377e-03,5.575117478851255616e-03
-4.172485943102751359e-03,5.581819028405372689e-03
-4.396602883742666175e-03,6.217073329204882148e-03
-4.060311466216631748e-03,5.768038761904427207e-03
-4.019020979975207637e-03,6.068899161087977154e-03
-3.813414893578532996e-03,5.146286672628931635e-03
-4.105945740848626103e-03,5.517922846077491679e-03
-3.711793327835754327e-03,5.496584219145378598e-03
-4.584614436149744669e-03,6.613235769799284507e-03
-4.183092596641806507e-03,6.187458917858421927e-03
-4.413449794137595805e-03,6.452954468421554478e-03
-4.529441691112297101e-03,6.297495696702334021e-03
-4.604393789078392064e-03,6.220408364150027160e-03
-4.400964464033362347e-03,5.954846116619247863e-03
-4.937749148214902982e-03,6.288651130261811023e-03
-5.110143353562687091e-03,6.733683772838491843e-03
-5.018263353073411891e-03,6.959699929228007655e-03
-5.170629797613089662e-03,7.210564666561279298e-03
-5.515330890036770559e-03,7.768302207909149465e-03
-4.876715237694489308e-03,6.789932609350280562e-03
-5.161054579531532994e-03,6.902274381012992767e-03
-4.765081367179297388e-03,6.627423287922127454e-03
-5.703195754176141989e-03,7.559670593727087565e-03
-5.385884462341994187e-03,7.526216746835851477e-03
-5.542451859998244815e-03,7.753869987304589685e-03
-5.636049457718838272e-03,7.403027205854184785e-03
-6.111735449137390558e-03,8.141262657521205690e-03
-5.895141219600293254e-03,7.229557295888351318e-03
-5.865853952000156524e-03,7.082789444018489436e-03
-5.600086227815014896e-03,7.361040682644964112e-03
-5.992248787784410120e-03,7.900688189748665893e-03
-5.757758070661568583e-03,7.530266869939242040e-03
-6.367634909332576740e-03,7.828767219251743861e-03
-6.288584786497426922e-03,7.899025975517889181e-03
-6.742385773235983100e-03,7.851290634942130475e-03
-6.542892645356141595e-03,7.386512053911991650e-03
-6.732067810421139484e-03,7.268926319505808302e-03
-6.821758616743122533e-03,7.954098677042610935e-03
-7.211255026503497062e-03,8.178761212704041550e-03
-6.936943444120596304e-03,8.350585713372818061e-03
-7.103387450262660559e-03,8.362084979145598465e-03
-7.115314078319047615e-03,8.624371121202730611e-03
-7.342335999270002862e-03,8.152065634472181396e-03
-6.965109156574660933e-03,7.541018261880170354e-03
-6.960951049046562762e-03,7.877977244207226906e-03
-7.251271991957135461e-03,8.306583490239386608e-03
-6.985136233522980763e-03,8.243826537606224400e-03
-7.477398452076934598e-03,8.399806460552506834e-03
-7.770214551679230190e-03,8.839837708095637375e-03
-7.550489798465720263e-03,8.606565792262302686e-03
-7.549193690790103987e-03,8.318520910003816479e-03
-7.601029057434067517e-03,8.268818672338083473e-03
-7.581553731810257782e-03,8.630026303808005506e-03
-7.936054927420194138e-03,8.781257934488114272e-03
-8.278460033911746313e-03,8.802284933386301038e-03
-8.234891634460934570e-03,8.988938241216085437e-03
-8.397872167260832590e-03,9.154661075087697913e-03
-8.613398991435294513e-03,9.438973592870958731e-03
-8.304996154151325638e-03,8.920449241053538675e-03
-8.614948615482157304e-03,8.723676535529318460e-03
-8.406376379926940728e-03,8.839627286799671760e-03
-8.198133099708831278e-03,9.189247624998923489e-03
-8.292153419156223643e-03,9.195122627525257469e-03
-8.761905257537011202e-03,9.756614567815152794e-03
-8.840724496535088545e-03,9.890334473098259110e-03
-9.231633095032092812e-03,1.003662554808007132e-02
-9.049481018666503951e-03,9.981199658895030177e-03
-9.046238194395764959e-03,9.762995232886815741e-03
-9.132957300085196850e-03,9.358931073153241298e-03
-9.252318004872171070e-03,1.007585419008009443e-02
-9.504007520770128489e-03,1.009539692701104212e-02
-9.918779200204008717e-03,1.076361292370672622e-02
-9.985378646431952721e-03,1.052595927725869657e-02
-1.029098396298537554e-02,1.117214092207464982e-02
-9.999317642955404817e-03,1.073300684355236317e-02
-1.034945538627693451e-02,1.121094728142666211e-02
-1.008531904227224010e-02,1.104136368391430735e-02
-1.059399541798809047e-02,1.066682063144772097e-02
-1.044424816025220533e-02,1.047064027410603108e-02
-1.046817686857902559e-02,1.120672954837454230e-02
-1.005395640893747521e-02,1.096890966618892065e-02
-1.039276136153553104e-02,1.146390461951894008e-02
-1.018551695622275238e-02,1.119080343236789413e-02
-9.885187187007839910e-03,9.292049853350642027e-03
-9.706682928509043420e-03,1.098909958671575107e-02
-1.001356979058562816e-02,1.137542924656440371e-02
-9.878389825615688236e-03,1.096535694913743260e-02
-1.000063909745474086e-02,1.103691721699179284e-02
-9.887772507079159445e-03,1.028089509977502501e-02
-1.046076915366933938e-02,1.109061306430289377e-02
-9.980997233552044157e-03,1.102544287729957835e-02
-1.001975665012964228e-02,1.139395847748084396e-02
-9.926941360093775868e-03,1.133075148792796367e-02
-9.906982878433378062e-03,1.164597448614874790e-02
-1.036983863835587612e-02,1.161625860317626151e-02
-1.046454782240471490e-02,1.204950186266732365e-02
-9.959488933089169146e-03,1.178634368649123833e-02
-1.070252563597422386e-02,1.215939884432193537e-02
-1.025382487587739484e-02,1.205301978205466570e-02
-1.042839381442574494e-02,1.164396968236039616e-02
-9.625266979890525001e-03,1.124930644582505627e-02
-1.014597798306758961e-02,1.214011890881669387e-02
-9.891323661460295000e-03,1.191979183916592674e-02
-1.006189014595933531e-02,1.206287559348898954e-02
-1.013531982748492981e-02,1.209382735407798191e-02
-1.048100564993811705e-02,1.228753111918084485e-02
-1.039099867205691211e-02,1.242200740248970703e-02
-1.029722158894007256e-02,1.253823484632930405e-02
-1.042054696907504172e-02,1.268024460640376598e-02
-1.043157465152066803e-02,1.260848304790574553e-02
-1.040268173781306454e-02,1.310258313183799116e-02
-1.044843740297577567e-02,1.309620843131528711e-02
-1.064508532109756031e-02,1.279261336344032426e-02
-1.080109131928043247e-02,1.316073642250174293e-02
nan,nan
-1.036115820459866665e-02,1.212480116641985635e-02
-1.046807044131892184e-02,1.267186972834151090e-02
-1.034655712675859769e-02,1.290262725837349606e-02
-1.064388140563095331e-02,1.333620210607546971e-02
-1.020912690324793717e-02,1.325951878003566245e-02
-1.065983225982439567e-02,1.348407929734553486e-02
-1.017395801800291023e-02,1.260103701689652481e-02
-1.073183912617388380e-02,1.284445268034706267e-02
-1.048365859266684255e-02,1.315713102010632359e-02
-1.101400370176762629e-02,1.372205881604698745e-02
-1.054632345792490787e-02,1.371788511653126465e-02
-1.120868873734804858e-02,1.405443789233782464e-02
-1.081618420829661038e-02,1.301632644137816659e-02
-1.095579072514880382e-02,1.323423505778443393e-02
-1.072309419770866613e-02,1.324561351320264167e-02
-1.106653910498640696e-02,1.420541033484300740e-02
-1.100156707173092704e-02,1.418836016413684009e-02
nan,nan
-1.102154458723618273e-02,1.410984224010511899e-02
-1.142965399629681730e-02,1.390868889940296248e-02
-1.125626018327763669e-02,1.348731603729256927e-02
-1.116118086482440278e-02,1.462856030196768055e-02
-1.122340135310002061e-02,1.488857524062999274e-02
-1.129646995172805396e-02,1.509787545599305426e-02
-1.139967627443450385e-02,1.494212208423286066e-02
-1.111971034196481203e-02,1.485135039602016906e-02
-1.185905706764032140e-02,1.386767696790722725e-02
-1.187848581005896548e-02,1.426236749732139562e-02
-1.153964598800726916e-02,1.474052267522192421e-02
-1.165113489608999436e-02,1.516328806614332739e-02
-1.177823141729766009e-02,1.495385992823348824e-02
-1.163410562907556296e-02,1.506800279956338300e-02
-1.173901104177886741e-02,1.471522947039081118e-02
-1.163774131995311267e-02,1.470184800859550972e-02
-1.205149478509159010e-02,1.533002457422844196e-02
-1.176693519040395396e-02,1.549845314191410604e-02
-1.217371784030503445e-02,1.595331053641617369e-02
-1.251699284374348069e-02,1.622365345443052553e-02
-1.312460918655918019e-02,1.587586652964545833e-02
-1.327468278765107576e-02,1.489519592019182721e-02
-1.337446117968504704e-02,1.570628128130303544e-02
-1.343576318011282210e-02,1.593851060437886588e-02
-1.378753474476302442e-02,1.650606181135079453e-02
-1.363752701404353368e-02,1.613322528237491268e-02
-1.383409239145841525e-02,1.668468496527541686e-02
-1.362520906662931762e-02,1.587393133255492889e-02
-1.401210046063469661e-02,1.617923537641888579e-02
-1.407322892560130406e-02,1.629062907942555039e-02
-1.475860998047042252e-02,1.680133397762085048e-02
-1.425655009592787133e-02,1.661145413566212856e-02
-1.433513990521003388e-02,1.712915082296797425e-02
-1.387812306783278195e-02,1.647908401982660712e-02
-1.378160694071975043e-02,1.633562139249052428e-02
-1.325922530967771351e-02,1.563936024756274260e-02
-1.328999137391526607e-02,1.646384921825794559e-02
-1.313167612022727616e-02,1.624149036099022461e-02
-1.346890785401728095e-02,1.663203288701231922e-02
-1.354267764471938675e-02,1.670839491501150548e-02
-1.380986350795132024e-02,1.651028300703526533e-02
-1.372733942746363553e-02,1.610630747866656498e-02
-1.364333768763877248e-02,1.639007084911392464e-02
-1.405020627668454765e-02,1.686075884028850891e-02
-1.399158241154950695e-02,1.719337295804696658e-02
-1.429884452600220339e-02,1.731915303997878450e-02
-1.423821166134279712e-02,1.711628241738439443e-02
-1.450054465378314804e-02,1.693944575175249795e-02
-1.430109845744481460e-02,1.619070227641259199e-02
-1.446433909268507630e-02,1.673787634818761291e-02
-1.421919767543314977e-02,1.661588799991778331e-02
-1.481869807862425809e-02,1.744459102754683869e-02
-1.479292275619994296e-02,1.714814643551177201e-02
-1.532347122968230092e-02,1.755929362571689509e-02
-1.481711917972558350e-02,1.671738028612617180e-02
-1.512661812146914170e-02,1.681661603815417724e-02
-1.474847195814220011e-02,1.649516609275845577e-02
-1.497392792662729198e-02,1.735093746003795942e-02
-1.484260824881676252e-02,1.734197081357499379e-02
-1.534972093913722184e-02,1.771822650495270129e-02
-1.508847112705594649e-02,1.746710367114082466e-02
-1.536113106064386329e-02,1.746947244557102430e-02
-1.524528816620721906e-02,1.677815655874041745e-02
-1.563526182335219644e-02,1.713169286818962828e-02
-1.563574116560850769e-02,1.744704929512744251e-02
-1.573950543265904833e-02,1.776308874577452179e-02
-1.582992986821857642e-02,1.798415983399591009e-02
-1.595858589046178500e-02,1.797197382764754992e-02
-1.596061655877155372e-02,1.793876432410392713e-02
-1.597953789875504113e-02,1.724079300956430846e-02
-1.619848336811124251e-02,1.739273379606674427e-02
-1.607154435582766605e-02,1.772248375009824115e-02
-1.643343175057867395e-02,1.820854420522433417e-02
-1.628011461320148442e-02,1.803098688665999427e-02
-1.700099584147923837e-02,1.874335817425736017e-02
-1.673468040687931327e-02,1.821416555666778223e-02
-1.692681684657424551e-02,1.824556466117483594e-02
-1.648210774967644870e-02,1.750364350134630403e-02
-1.698660143305619902e-02,1.823544933074332935e-02
-1.687976291136096194e-02,1.822853075740399342e-02
-1.705518402090920246e-02,1.883838531977573283e-02
-1.704838963740647889e-02,1.856262534759050772e-02
-1.741613591278741088e-02,1.901474514225460696e-02
-1.728194872065038495e-02,1.839248807585106352e-02
-1.736116536176394998e-02,1.832312570673481217e-02
-1.720291547527637299e-02,1.794453832184886646e-02
-1.770982052856607397e-02,1.872487097543912293e-02
-1.764086276695130476e-02,1.881198736914393294e-02
-1.775409359507554991e-02,1.891324934148243611e-02
-1.790977291390466464e-02,1.927134512564741137e-02
-1.795769386655078625e-02,1.928795867123497126e-02
-1.814038688843564937e-02,1.904198207879277335e-02
-1.767029890629620917e-02,1.837323763314691050e-02
-1.794327938851974710e-02,1.874644659607681979e-02
-1.775903727620289918e-02,1.879943913482505849e-02
-1.829661625817887230e-02,1.942670099737953127e-02
-1.813075545064041574e-02,1.900941498025272153e-02
-1.842583526529148127e-02,1.961615376160680962e-02
-1.808503007472180360e-02,1.942095915494697345e-02
-1.855993397134226078e-02,2.001361060322573437e-02
-1.847313977534637691e-02,1.883400246163784500e-02
-1.847560888359733866e-02,1.915984609579190687e-02
-1.852355583103873493e-02,1.956111962680314245e-02
-1.924971068551576889e-02,2.017905886217762415e-02
-1.931247905373261256e-02,2.012818603410472182e-02
-1.987298402570555206e-02,2.061519247141148023e-02
-2.026534566830131071e-02,2.070000004016588763e-02
-2.003478919436290154e-02,2.069002549411128739e-02
-2.019811441883583719e-02,2.061074988216385004e-02
-2.007269069431025926e-02,2.005298206076629869e-02
-2.013255570508512213e-02,2.018835885631772853e-02
-2.003733124950236519e-02,2.039262039775159921e-02
-2.074608903366387258e-02,2.077161154556543196e-02
-2.033432462766014692e-02,2.041014142050747923e-02
-2.068969815640454152e-02,2.100631847374115346e-02
-1.998459911166747607e-02,2.050461322333976127e-02
-2.044308147117187419e-02,2.102514150736856449e-02
-1.959353443324702085e-02,2.057774246425974826e-02
-1.989831697728133841e-02,2.032885800599237500e-02
-1.968706442060482592e-02,1.967165410905447401e-02
-1.979080306838220879e-02,2.050384470761616382e-02
-1.963871363172061540e-02,2.042930481596938116e-02
-1.984751622622043382e-02,2.079004190939489835e-02
-1.989294082948130440e-02,2.056328194893448230e-02
-1.993751458555814704e-02,2.109777537047304377e-02
-2.023478703834619488e-02,2.103966655279029818e-02
-1.966172659251087806e-02,2.106385464225097107e-02
nan,nan
-1.953677228554895687e-02,2.052998210497240100e-02
-1.963013440585279282e-02,2.058377271737574232e-02
-1.994060078902158348e-02,2.027276310123372893e-02
-2.028301542235295615e-02,2.134035401646242058e-02
-2.010856508575293092e-02,2.120127247671153500e-02
-2.039571961770829736e-02,2.173401835056763473e-02
-1.990659070928518445e-02,2.110028570423211000e-02
-2.018676205124862039e-02,2.123707052435566331e-02
-1.986258858396510937e-02,2.078472708909116784e-02
-2.026325401852948141e-02,2.171026347536944220e-02
-1.977695222426485017e-02,2.168082218622811863e-02
-2.007406570012651090e-02,2.216231473721516632e-02
-2.007743223940432892e-02,2.172785805821948052e-02
-1.948487542217110582e-02,2.010249796709545622e-02
-2.008032029695723877e-02,2.107594296446997986e-02
-1.996820729064657102e-02,2.177148189692743041e-02
-2.011174446359131202e-02,2.213664252575265126e-02
-2.025728744837381259e-02,2.224975953766874376e-02
-2.025491130629792150e-02,2.261828165992810918e-02
-1.992304865269263481e-02,2.196890309861347645e-02
-2.022785248599814553e-02,2.204490679098632805e-02
-1.988481227902077000e-02,2.169132165249857552e-02
-2.019065363334133709e-02,2.281994221918843754e-02
-1.996957387366628950e-02,2.246738643748425954e-02
-2.039990105918821489e-02,2.316261225233363572e-02
-1.994472014512154237e-02,2.255322141058000232e-02
-2.040531810342439967e-02,2.250723273975051286e-02
-2.001926816176971199e-02,2.224380175700996914e-02
-2.029609322057413304e-02,2.307878056912531298e-02
-2.035915603522994027e-02,2.305622919557478306e-02
-2.046796447912304154e-02,2.342790023473392130e-02
-2.057706945438116802e-02,2.341410149621525952e-02
-2.014152520037636174e-02,2.293128795786767912e-02
-2.027018744452270191e-02,2.266764000077602093e-02
-2.050692815872086003e-02,2.285101580319045395e-02
-2.085690524097240720e-02,2.353242795679953356e-02
-2.053183695266250219e-02,2.343612723612704604e-02
-2.099412560611866457e-02,2.408999942540887909e-02
-2.065303068790770927e-02,2.332262182848136509e-02
-2.092996735132885908e-02,2.340655618144479866e-02
-2.062599102837666884e-02,2.290131577597544210e-02
-2.123139450776182630e-02,2.409886357534734083e-02
-2.099389379321568369e-02,2.413852393228626061e-02
-2.115817584049735356e-02,2.458467988452121833e-02
-2.122620437135339447e-02,2.421724476132314924e-02
-2.102131312958797557e-02,2.383663298593162450e-02
-2.115726900833001314e-02,2.378235515377342957e-02
-2.115656928773846160e-02,2.402397941096845804e-02
-2.131810119797365732e-02,2.460092896514841018e-02
-2.143704162228915813e-02,2.440520838015751773e-02
-2.165714994818520450e-02,2.520500733189834364e-02
-2.148468736386016653e-02,2.429952438279668961e-02
-2.166925856925374164e-02,2.441073970287341646e-02
-2.150646141657391874e-02,2.381887564274719205e-02
-2.186715119844603872e-02,2.493538340391211403e-02
-2.159713677577452737e-02,2.492707067978013058e-02
-2.245095957562773942e-02,2.547218087152547383e-02
-2.242558354068171014e-02,2.538703917697751958e-02
-2.276012081896163636e-02,2.518506438609005235e-02
-2.292617872812958285e-02,2.484480356358111444e-02
-2.277807075582114968e-02,2.535193589744497850e-02
-2.317469388546660597e-02,2.581785202360083187e-02
-2.331370330466998181e-02,2.587515206515715593e-02
-2.346454321961673542e-02,2.640110582400490360e-02
-2.326966912881634972e-02,2.604027487811826427e-02
-2.359564168157929354e-02,2.596381038135781028e-02
-2.315385923073544697e-02,2.548183481693376898e-02
-2.331940857120650204e-02,2.640163265856545691e-02
-2.324045196187767004e-02,2.609389587589669088e-02
-2.359216654011470418e-02,2.653350842054586281e-02
-2.309300434999998070e-02,2.634132323876456003e-02
-2.323135277907420124e-02,2.640190940069864906e-02
-2.260208670005924361e-02,2.562491907330519125e-02
-2.257125219081519349e-02,2.542650131092098406e-02
-2.250226967775331710e-02,2.612370806022203118e-02
-2.265458186773310761e-02,2.622024528582382955e-02
-2.270429460956023549e-02,2.667825333609123717e-02
-2.289790354082881646e-02,2.650095074091678160e-02
-2.312542557773872298e-02,2.651712785555811192e-02
-2.303936098980843838e-02,2.561821885043994579e-02
-2.289306870362914706e-02,2.609892076544454223e-02
-2.274165549651410018e-02,2.622119403802366730e-02
-2.335793954698174232e-02,2.689748106738942129e-02
-2.293277839025100948e-02,2.657113029787625327e-02
-2.339962675085009020e-02,2.710058508473810884e-02
-2.354040733169097260e-02,2.666585761641383084e-02
-2.341320344846478316e-02,2.631583155731745741e-02
-2.322035208021771407e-02,2.607382824332145702e-02
-2.333788253903394325e-02,2.668485030915572140e-02
-2.352985987480855218e-02,2.709953890058493589e-02
-2.338185269830901983e-02,2.714952653429382814e-02
-2.373708170011666271e-02,2.745349551769906901e-02
-2.359396953990465506e-02,2.719773035918465753e-02
-2.401602484129669590e-02,2.689739640895473169e-02
-2.344614799981430825e-02,2.627318335476659314e-02
-2.386353952740426221e-02,2.740946422060536874e-02
-2.336662212128810812e-02,2.728105119307954601e-02
-2.398104878805411636e-02,2.766539500064073287e-02
-2.358030395759650594e-02,2.741997376567184563e-02
-2.394454577032783388e-02,2.795488576047432464e-02
-2.386726643574197185e-02,2.737047074590995624e-02
-2.390579722292301632e-02,2.695030938026422504e-02
-2.400964337432064111e-02,2.705809718915383119e-02
-2.419241108983963620e-02,2.746291370812974433e-02
-2.450940534173227242e-02,2.787801801751101094e-02
-2.422085065050497144e-02,2.765614754513348594e-02
-2.471347184222307328e-02,2.841019873465819648e-02
-2.451665249310236785e-02,2.800822469394980904e-02
-2.500010940350745614e-02,2.773236718136155854e-02
-2.456972109256665843e-02,2.709813615481790686e-02
-2.488640416755935961e-02,2.795198718600490351e-02
-2.469583136229729428e-02,2.786902217238207413e-02
-2.499301736493654905e-02,2.848081498853373070e-02
-2.494021604367220243e-02,2.842817555017854853e-02
-2.517074800031869966e-02,2.844304380890280703e-02
-2.546119628588088338e-02,2.868705075551993694e-02
-2.515781515818298758e-02,2.786566611677480237e-02
-2.519733689476290339e-02,2.786383802304355159e-02
-2.489134886407168290e-02,2.804691258779676635e-02
-2.551202597917819406e-02,2.890485024577510442e-02
-2.513402571623840273e-02,2.845044080759665667e-02
-2.568419626906912404e-02,2.895654225131582410e-02
-2.521996968416000476e-02,2.873191813789641169e-02
-2.569678292333940628e-02,2.923114244040003404e-02
-2.555145528424556181e-02,2.896858470012951894e-02
-2.554768437001123105e-02,2.841447276494877064e-02
-2.526514958099439559e-02,2.827715401177687687e-02
-2.531438399474325585e-02,2.864409746253039971e-02
-2.605426029208843600e-02,2.909266915971574913e-02
-2.586419023487699850e-02,2.894002880162790600e-02
-2.632145476721110128e-02,2.939913521324524770e-02
-2.594199845608567701e-02,2.912444070516919878e-02
-2.625565978015024365e-02,2.985742694604852712e-02
-2.593296210982640529e-02,2.927558079131004076e-02
-2.604405107563151703e-02,2.905828140697754719e-02
-2.569326885438049865e-02,2.866045877522243115e-02
-2.612205137910845673e-02,2.951636245435619588e-02
-2.642441259250032440e-02,2.962026550987833032e-02
-2.629429540466313164e-02,2.974284018813767513e-02
-2.656703699033658231e-02,3.003516687291909668e-02
-2.682153034118068408e-02,3.007702842913567709e-02
-2.733747220826502483e-02,3.055189935066756485e-02
-2.727640699270395333e-02,3.021250056149411140e-02
-2.799753831771181062e-02,3.083095362202432563e-02
-2.773715548371705544e-02,2.964284338702054961e-02
nan,nan
-2.753868407852792799e-02,3.028661792924433604e-02
-2.794452576865611923e-02,3.073974046385290204e-02
-2.788151921422090881e-02,3.066243840842377069e-02
-2.775502206073899442e-02,3.028042261298107343e-02
-2.774570266148238679e-02,2.999659665989443114e-02
-2.762898350888344165e-02,2.984276192358587682e-02
-2.794223290406048013e-02,3.050943273509315254e-02
-2.743260021205500346e-02,3.037276618937423747e-02
-2.775849161438490725e-02,3.089830632185228132e-02
-2.724836094277197779e-02,3.013429466799257689e-02
-2.720669895231575194e-02,2.999977358170234989e-02
-2.696242436898514325e-02,2.949914293389941863e-02
-2.739570164807424851e-02,3.022225577958857420e-02
-2.724594475104781185e-02,3.038859866498496917e-02
-2.747965913925330683e-02,3.087107963279718537e-02
-2.741385804160086093e-02,3.098386337734397242e-02
-2.739625663423856869e-02,3.029862399333946299e-02
-2.732380777868039998e-02,3.025856229045851761e-02
-2.696181101759676305e-02,3.016695695183482101e-02
-2.778390478041790207e-02,3.117999342051524375e-02
-2.762013476610284193e-02,3.088924730037679450e-02
-2.792946503526958987e-02,3.116316955656821264e-02
-2.729732514883361633e-02,3.034448546871666708e-02
-2.779630228977520920e-02,3.060280031220822747e-02
-2.769094555633407409e-02,3.036917828715860260e-02
-2.795989255523191955e-02,3.117886590251719298e-02
-2.799711176554519135e-02,3.129578175689434055e-02
-2.807346213210161825e-02,3.134640102743586898e-02
-2.807073730016367008e-02,3.114350316255902473e-02
-2.770144651164386726e-02,3.069808652129093693e-02
-2.817429301821629609e-02,3.124231151803490841e-02
-2.783906814724343773e-02,3.148349269355654734e-02
-2.827930819412742200e-02,3.203496885309384951e-02
-2.788965168379066786e-02,3.188991607057118510e-02
-2.838956141958405566e-02,3.180565560242654827e-02
-2.819641324934824694e-02,3.126478062451143458e-02
-2.808807435355590437e-02,3.124377485837444290e-02
-2.823264902694145456e-02,3.195132041168084053e-02
-2.825128470833865313e-02,3.217311216183191269e-02
-2.870401170527698761e-02,3.244154370527819325e-02
-2.843532302032123968e-02,3.200136162471899082e-02
-2.872064418500224273e-02,3.190874326594780180e-02
-2.792276675219742751e-02,3.124148354887284346e-02
-2.849116626129761382e-02,3.236645939632029623e-02
-2.849624902428555748e-02,3.252180407224800063e-02
-2.901881002752284416e-02,3.283847136153182633e-02
-2.889909887264272698e-02,3.254551600242165665e-02
-2.903980955485591098e-02,3.234397572649015673e-02
-2.888353608722458998e-02,3.189066415651918562e-02
-2.856379578489407628e-02,3.240260365792763109e-02
-2.914117382263362727e-02,3.303189841601754384e-02
-2.896968331778415270e-02,3.281744151578131624e-02
-2.961658886291243173e-02,3.327038159187094973e-02
-2.909698379192933448e-02,3.249841114099601830e-02
-2.946054667467553484e-02,3.261862828969859518e-02
-2.914820426390342389e-02,3.266534712980316557e-02
-2.950693183218000906e-02,3.342991865088255909e-02
-2.947307673059379116e-02,3.356016625370283196e-02
-2.944294649379316023e-02,3.361028258979269906e-02
-2.956517670082254440e-02,3.301943904458401469e-02
-2.936854323939109418e-02,3.269836128277998216e-02
-2.983457521477864138e-02,3.324654394688419251e-02
-2.938468563424469215e-02,3.354923619641652505e-02
-2.966196716142287942e-02,3.401175848108690253e-02
-2.970823664286559307e-02,3.401848384291843858e-02
-2.983275732701752558e-02,3.388223502953406630e-02
-2.925842635164381533e-02,3.305355561923314922e-02
-2.951221518106792938e-02,3.324086634348644154e-02
-2.986836469311952152e-02,3.387005507258401826e-02
-2.995764650647054009e-02,3.400985462311487129e-02
-3.019961349260913419e-02,3.428510037883795991e-02
-2.993187382573794797e-02,3.413840203589788708e-02
-3.002176304513617597e-02,3.407384782611131563e-02
-2.963000417666505557e-02,3.355326567638939467e-02
-3.005099844601171605e-02,3.428700319218984383e-02
-3.007246115908061498e-02,3.469350782881156642e-02
-3.080939212678128133e-02,3.508969865241548525e-02
-3.084621847914489901e-02,3.521628040425572870e-02
-3.107429542977934583e-02,3.482234532632075968e-02
-3.140189833383737195e-02,3.477140031665482134e-02
-3.101585570080625867e-02,3.457795177277744880e-02
-3.160299384423367886e-02,3.574013136687042430e-02
-3.164310486214954449e-02,3.557192098205733816e-02
-3.209224936152356433e-02,3.595289420260895652e-02
-3.180396111222912742e-02,3.548810453108645901e-02
-3.192564118011710639e-02,3.508939958024093198e-02
-3.151555255369153929e-02,3.487301823216888697e-02
-3.183876578340404800e-02,3.546711277723157973e-02
-3.211131835858708344e-02,3.581794078113228336e-02
-3.166706962135408532e-02,3.583496497797836189e-02
-3.173432357981283147e-02,3.631181392637874289e-02
-3.106002567033544493e-02,3.545591363376130595e-02
-3.089592174333639918e-02,3.528520472847401085e-02
-3.055738874726003640e-02,3.485401124221501612e-02
-3.085726102401950208e-02,3.610108684612290536e-02
-3.100091333212810427e-02,3.565106963151334907e-02
-3.111455414875149636e-02,3.608951274980180812e-02
-3.128808925138039376e-02,3.621151218721347514e-02
-3.079394794216695069e-02,3.543011426351554138e-02
-3.089335571464726926e-02,3.548072408599548672e-02
-3.108085375298211619e-02,3.545356780133496893e-02
-3.120066826994114667e-02,3.635895925329102329e-02
-3.096898129775860556e-02,3.614277368235718768e-02
-3.160864381107923032e-02,3.665108316455230331e-02
-3.123069712018093289e-02,3.611712509364161522e-02
-3.132877181017691692e-02,3.578676790270778063e-02
-3.107751243362796498e-02,3.578343506609558966e-02
-3.128346257102201239e-02,3.619353875542181964e-02
-3.163480776907658804e-02,3.668690197711182988e-02
-3.147653057852229513e-02,3.636469249147544075e-02
-3.174230914138677362e-02,3.688602363274481877e-02
-3.156709336654721365e-02,3.638121376955079367e-02
-3.178984845248104124e-02,3.636572269998174234e-02
-3.159989665510977430e-02,3.597707374414631926e-02
-3.186600453023463037e-02,3.682840110630090230e-02
-3.201599792739955735e-02,3.715236866739501237e-02
-3.190746789944250844e-02,3.702549402841467246e-02
-3.223721326342513654e-02,3.784525218733499063e-02
-3.198402483118232414e-02,3.697131017113473861e-02
-3.228738109855160826e-02,3.680457100045844698e-02
-3.163938879086903438e-02,3.619907711490986252e-02
-3.239317649712162434e-02,3.731807112712730995e-02
-3.233681188073239676e-02,3.711101962610332400e-02
-3.256178710239072266e-02,3.734903664875974250e-02
-3.261704961865511537e-02,3.752770017083980475e-02
-3.269992829480627972e-02,3.734024160773589951e-02
-3.252808827174177159e-02,3.717968418167010708e-02
-3.224034400237878184e-02,3.655688876833005502e-02
-3.277099436855739067e-02,3.743783459314810325e-02
-3.267933228443565402e-02,3.722204114824586435e-02
-3.306760272952458113e-02,3.750187458518784017e-02
-3.270024695905351941e-02,3.758712914102594477e-02
-3.283964129130619719e-02,3.778182240090989519e-02
-3.274084943035107664e-02,3.729637001553278569e-02
-3.232904453729230909e-02,3.678560081294261069e-02
-3.291223173365601801e-02,3.776441963786848766e-02
-3.281047589353983107e-02,3.758521080903584610e-02
-3.336277198826059776e-02,3.818950829482858217e-02
-3.313119719400332841e-02,3.799037594466086326e-02
-3.339717239338266253e-02,3.808703163270709541e-02
-3.330121053127286374e-02,3.832675485010291622e-02
-3.353180499225418693e-02,3.775874619483399197e-02
-3.318065406089376612e-02,3.754520673920216239e-02
-3.316526109074842410e-02,3.766370634103619053e-02
-3.383791276077376120e-02,3.846434542400657686e-02
nan,nan
-3.358279815804581653e-02,3.865374077549552090e-02
-3.340986630571464444e-02,3.800571642326760341e-02
-3.359365563944393535e-02,3.780001797898473875e-02
-3.316851471685727110e-02,3.753276159538391360e-02
-3.346608891775972039e-02,3.783585745619542223e-02
-3.388327097464912535e-02,3.851821879097473006e-02
-3.364055638434289980e-02,3.846677503509930707e-02
-3.379705747400470195e-02,3.880088936811888767e-02
-3.359987117583465577e-02,3.781504350281095911e-02
-3.383071515483833391e-02,3.802038298563978347e-02
-3.359156541691978026e-02,3.810852642170902554e-02
-3.381236524260827075e-02,3.883070517983408521e-02
-3.434651697492956818e-02,3.905163935867703162e-02
-3.471369668025384159e-02,3.869882069398285218e-02
-3.497801297166877599e-02,3.862802125072088699e-02
-3.435118558848772319e-02,3.823317939316362574e-02
-3.524422336699851305e-02,3.892616739638266043e-02
-3.501267769234490956e-02,3.914451897387810630e-02
-3.600692967679096357e-02,3.954870697023810111e-02
-3.554313949955571067e-02,3.999402294809725755e-02
-3.547014612452070031e-02,3.931352305562500066e-02
-3.553217953546466273e-02,3.927564739841875319e-02
-3.549660574693418169e-02,3.875663549661512858e-02
-3.575749862506682336e-02,3.965307949323484266e-02
-3.562103744135426686e-02,3.967338618702159758e-02
-3.572270858017056322e-02,4.007158579222828282e-02
-3.542345421913135894e-02,3.919287020788777415e-02
-3.545045958261264923e-02,3.926729188486963174e-02
-3.525047826805175616e-02,3.879621926605400506e-02
-3.516734279587233059e-02,3.933368930648980383e-02
-3.544316227456340701e-02,3.990308033496119816e-02
-3.603913926290427949e-02,3.923713108714231568e-02
-3.601811575144438227e-02,3.964493157801593504e-02
-3.559134147270599791e-02,3.887650863923901301e-02
-3.607168338517225542e-02,3.913850540873658329e-02
-3.601376139677418126e-02,3.931605851241821992e-02
-3.614775814371514601e-02,4.001869808734823120e-02
-3.638987930352016731e-02,4.022292954438996815e-02
-3.619272272737629470e-02,3.975855008624976095e-02
-3.623085711641957363e-02,3.957611987820313509e-02
-3.586149117519508295e-02,3.909613001463005388e-02
-3.640102105115069347e-02,3.979862306442582404e-02
-3.619046766299989504e-02,3.999307156913464723e-02
-3.679592222091281062e-02,4.067539621385636572e-02
-3.665414150105717611e-02,4.029496618539956526e-02
-3.639334734930604887e-02,3.979993543006829504e-02
-3.651705554780955432e-02,3.984470452607003638e-02
-3.663520417676398300e-02,3.957131088992769941e-02
-3.741264658225378070e-02,4.073608004133291716e-02
-3.724082786995672190e-02,4.053820756399621056e-02
-3.765623901032989079e-02,4.085364100754824285e-02
-3.752881088424163403e-02,4.024581368310643087e-02
-3.737924648145839884e-02,4.007328166610672066e-02
-3.735317091995225824e-02,4.025015953303285460e-02
-3.757424643973023004e-02,4.061687314498010903e-02
-3.801634253727993046e-02,4.101179658185803711e-02
-3.790646093987284221e-02,4.072772874877757243e-02
-3.805130041756348697e-02,4.065254715271870989e-02
-3.738349326198384809e-02,4.006500566251221251e-02
-3.784110105566969307e-02,4.052693848649989439e-02
-3.841014292682762982e-02,4.117039170317761398e-02
-3.846520824788469267e-02,4.146076255657856618e-02
-3.855844111930150503e-02,4.191409749668072865e-02
-3.826083048313315416e-02,4.104696223720103593e-02
-3.859693044860869338e-02,4.098065989208136972e-02
-3.818356867716295872e-02,4.057510346307018761e-02
-3.875065515386418025e-02,4.168808064077836328e-02
-3.848231032169159571e-02,4.184471376177325425e-02
-3.866048183061134708e-02,4.160933415251845402e-02
-3.860490383642190687e-02,4.162517647495429796e-02
-3.830494272148985552e-02,4.095494729114734778e-02
-3.853868753330584596e-02,4.130931320536313650e-02
-3.832997491948858526e-02,4.154256868265428920e-02
-3.855544175669547990e-02,4.201004787883334118e-02
-3.835117798534077443e-02,4.216276606587274212e-02
-3.854039519703272854e-02,4.172827237856982507e-02
-3.845692122019616493e-02,4.153459806939883980e-02
-3.829068636037977202e-02,4.126520982754316308e-02
-3.865416597227044893e-02,4.218995971927461119e-02
-3.854925111637171747e-02,4.208972739435549310e-02
-3.910595158514151154e-02,4.211673306662998273e-02
-3.919004478338178332e-02,4.212412237188303127e-02
-3.918388751643519380e-02,4.136014729359386438e-02
-3.897954513569167750e-02,4.169785432248995088e-02
-3.879026621675575603e-02,4.196669695032217290e-02
-3.925990111589684750e-02,4.280629687502120195e-02
-3.912615451984884085e-02,4.237095186819953008e-02
-3.988098517865480697e-02,4.280375993852112565e-02
-3.935464915940351666e-02,4.217338821575226243e-02
-3.900833516962905895e-02,4.224137781063190544e-02
-3.912163477651576377e-02,4.231129759640697707e-02
-3.898317418494944009e-02,4.280007984105010932e-02
-3.961522506832722973e-02,4.301542644983613606e-02
-3.926391773741645663e-02,4.284937048787437752e-02
-3.967843687672752140e-02,4.334173478690341724e-02
-3.978799425780385479e-02,4.307855060027582922e-02
-3.986847552586845339e-02,4.271609485625769975e-02
-4.064022870336225085e-02,4.352356552139310247e-02
-4.099576861877551881e-02,4.374845625145984407e-02
-4.161207465804665773e-02,4.432306544586418762e-02
-4.097729095045711534e-02,4.388429752434812314e-02
-4.123841132457670144e-02,4.398140840524260992e-02
-4.096692628262744995e-02,4.369238773898864031e-02
-4.098570058834247881e-02,4.439550532029409857e-02
-4.136933389286552576e-02,4.481093792448313101e-02
-4.125227786312761491e-02,4.466883789757276207e-02
-4.212209521531307121e-02,4.503557444051502212e-02
-4.152225618090816389e-02,4.397035774966757959e-02
-4.157671132961283933e-02,4.384480214866145337e-02
-4.103104136105579364e-02,4.378386319566008461e-02
-4.119407478168068959e-02,4.402400806553832119e-02
-4.133337415264927428e-02,4.461034177319774668e-02
-4.059344768752722737e-02,4.451719781880643378e-02
-4.101813563054068634e-02,4.505989482540745383e-02
-4.080035893466500002e-02,4.375140218566779537e-02
-4.061802660914711621e-02,4.419935704991335979e-02
-4.078892259828175576e-02,4.420028592640314058e-02
-4.065560400615391562e-02,4.461642709294434683e-02
-4.121258214726473273e-02,4.483227285535318352e-02
-4.098398755345896566e-02,4.427507196708389131e-02
-4.148516067938940594e-02,4.437644353126250774e-02
-4.081683250686814896e-02,4.347801246316312929e-02
-4.095727311039097651e-02,4.419945428982879204e-02
-4.096174663868723531e-02,4.476594839740981324e-02
-4.079092952739198086e-02,4.495059915702275671e-02
-4.077681517290513563e-02,4.536746198692806487e-02
-4.109780491630892624e-02,4.506581918583659613e-02
-4.127785193414010984e-02,4.499648146507972957e-02
-4.052084569875911979e-02,4.430840558283447722e-02
-4.137700627840362744e-02,4.534042662357806730e-02
-4.158268110445184629e-02,4.559819663044117205e-02
-4.163798933508133793e-02,4.553390200086700895e-02
-4.193523002002308431e-02,4.618522043274313899e-02
-4.177722397963025414e-02,4.561177278025592419e-02
-4.181754969023084023e-02,4.541980624580096992e-02
-4.125183923739823150e-02,4.496387128363350805e-02
-4.152424342122504330e-02,4.587140678804121213e-02
-4.149407364988098867e-02,4.620190035072634094e-02
-4.131529049852070146e-02,4.601288884569512683e-02
-4.190470870760060196e-02,4.644136137337024489e-02
-4.156214731686504876e-02,4.600991436254611711e-02
-4.209768866309403224e-02,4.572940910130482428e-02
-4.121396699844438738e-02,4.538132378218182744e-02
-4.146237109871721976e-02,4.657768969440075069e-02
-4.171530509897796585e-02,4.650729291926044423e-02
nan,nan
-4.157163866072084712e-02,4.694666865747408602e-02
-4.089911237388437620e-02,4.584618654535432825e-02
-4.100527128527310661e-02,4.643336124365082807e-02
-4.097087787558506555e-02,4.608266342749497979e-02
-4.113799021540174433e-02,4.661788479898513332e-02
-4.174568290757101757e-02,4.708142576953961572e-02
-4.171644505824077115e-02,4.705504626760145803e-02
-4.212107524866801067e-02,4.701089609455172402e-02
-4.152241567664639865e-02,4.642367208487007540e-02
-4.172309189166712590e-02,4.662004203755815146e-02
-4.158551005607723922e-02,4.665004658049524966e-02
-4.187711542890083100e-02,4.718718697378562754e-02
-4.219337132461963014e-02,4.783259405456450480e-02
-4.233548630128518286e-02,4.703536981950130758e-02
-4.277905675320206602e-02,4.697154866218476027e-02
-4.217732513992492049e-02,4.691004804470855216e-02
-4.258017542374847864e-02,4.679157738972797298e-02
-4.271359479718172397e-02,4.737288025923672152e-02
-4.282758325363667656e-02,4.755109153354510065e-02
-4.324197755185102410e-02,4.799524532525447501e-02
-4.243757499292909879e-02,4.731534483257908430e-02
-4.298777287766696042e-02,4.765052253461223714e-02
-4.260354918965184728e-02,4.692100027130659962e-02
-4.307114661253736571e-02,4.772838239003569794e-02
-4.299041576153710825e-02,4.818819990754882182e-02
-4.286644503220576885e-02,4.786458938471205987e-02
-4.341997458225458489e-02,4.783925195873329345e-02
-4.303400209946659644e-02,4.745392380777565394e-02
-4.323463783505472613e-02,4.766983677896136778e-02
-4.343714454675588060e-02,4.781519333251881693e-02
-4.365382643607420426e-02,4.833418229236426111e-02
-4.400134815922324139e-02,4.886945115757368452e-02
-4.400155281913309402e-02,4.798459854510205708e-02
-4.436823367853769823e-02,4.870844294481840864e-02
-4.432810673076061775e-02,4.791621105980761047e-02
-4.497585992448597386e-02,4.841967584900467442e-02
-4.487187317872314007e-02,4.924007894866049700e-02
